697
114
539
353
617
52
769
184
536
324
919
542
691
637
580
531
588
962
726
824
714
17
826
298
879
758
391
215
166
598
168
1
703
604
796
736
304
977
716
249
65
620
560
124
492
889
134
20
728
165
840
536
985
104
57
142
517
715
132
175
941
161
672
478
182
618
628
385
715
299
139
810
385
801
844
488
814
323
25
102
79
968
882
885
365
886
910
837
35
921
397
302
31
820
724
326
370
994
541
59
462
709
587
847
139
464
279
60
814
664
634
821
422
676
136
796
668
494
301
42
286
34
543
33
328
523
879
989
177
469
333
529
525
629
807
733
556
244
725
397
710
906
620
749
673
640
94
569
889
910
963
25
602
683
390
674
493
658
613
351
573
401
774
94
341
846
147
583
768
594
370
391
820
599
156
651
667
38
648
408
136
896
707
159
227
575
413
949
288
717
875
105
530
978
477
119
256
555
556
113
394
517
250
69
954
458
797
530
657
738
977
476
133
138
257
367
20
778
562
752
735
376
317
46
358
99
958
880
252
698
229
488
127
74
753
997
182
310
876
238
935
433
535
826
436
919
882
237
161
385
96
349
349
280
365
155
707
241
5
788
508
566
211
95
466
197
74
561
11
657
124
580
40
430
20
374
633
187
354
918
720
992
754
505
606
255
201
602
205
855
358
649
884
170
233
74
232
345
83
862
581
686
929
455
913
910
806
708
201
386
835
84
443
450
654
944
439
754
405
121
706
345
341
753
712
252
211
181
621
810
414
784
521
664
767
851
54
173
999
871
991
207
27
749
598
956
158
189
546
485
564
260
692
61
214
233
796
215
278
293
109
341
865
74
217
381
268
692
274
70
364
333
543
56
126
85
279
945
15
286
444
692
18
277
63
197
308
564
669
759
933
5
547
766
902
849
219
312
97
127
738
77
417
296
397
656
223
734
976
974
342
949
202
148
636
282
193
845
701
552
53
328
213
873
980
696
642
921
121
653
836
559
666
479
138
237
565
851
154
198
509
815
109
767
871
383
893
374
187
306
611
55
50
254
737
286
187
359
593
382
401
151
672
880
85
616
155
319
131
549
156
296
59
238
425
440
535
338
41
13
132
135
340
902
7
125
886
31
133
440
695
420
143
676
490
614
896
595
600
812
252
562
192
761
294
906
782
403
406
490
117
340
238
385
634
137
224
497
575
368
478
231
352
94
485
471
613
870
686
997
28
70
266
350
683
260
210
589
279
789
313
209
388
790
270
651
130
860
345
70
88
517
121
383
295
937
840
260
702
595
860
945
661
706
691
549
792
493
530
315
578
307
162
493
699
351
936
18
744
458
527
376
102
355
699
845
90
921
773
575
120
418
406
212
910
100
802
699
339
776
283
145
530
510
927
272
901
948
255
626
376
504
404
467
4
749
96
580
580
842
590
932
767
437
848
873
482
543
139
220
49
937
361
403
722
645
419
504
479
759
968
22
214
378
614
763
814
175
276
177
568
424
305
159
368
178
261
237
518
745
731
181
237
461
479
596
520
634
473
671
724
374
902
139
702
684
392
420
809
141
298
591
388
950
657
884
814
860
346
547
431
316
828
312
428
591
658
256
662
235
984
939
176
933
974
996
107
801
558
227
984
836
598
371
162
97
803
935
205
648
154
440
71
381
292
522
465
980
805
357
601
634
393
606
192
398
276
253
107
823
524
650
464
119
806
129
551
405
769
476
298
921
466
936
67
168
797
191
200
55
470
236
397
675
169
510
423
711
372
211
616
32
262
598
620
18
116
788
839
302
576
423
113
763
934
69
79
16
29
539
566
116
750
627
870
308
373
782
610
995
273
178
344
417
73
275
433
106
908
376
910
303
365
413
836
826
874
934
631
610
527
259
151
207
972
670
440
879
920
961
340
719
272
581
829
373
608
918
338
858
924
946
104
341
59
992
186
818
65
485
342
202
464
161
173
532
218
488
279
305
814
5
937
318
396
985
260
850
326
809
595
470
326
334
481
636
110
421
172
256
848
518
906
836
594
722
190
72
333
758
911
566
963
293
94
292
778
425
890
162
577
234
33
659
326
455
445
920
242
640
216
304
746
63
166
268
971
251
494
262
80
20
252
594
259
405
446
77
110
482
649
178
516
411
199
747
402
793
239
149
443
198
186
60
924
345
125
53
885
934
184
467
657
500
729
728
114
24
542
725
731
968
237
598
468
961
874
148
308
961
453
454
974
753
500
346
466
714
468
756
630
49
584
753
937
277
564
918
685
316
993
489
678
165
356
417
251
57
893
242
504
859
225
752
733
670
685
341
839
134
360
437
377
638
739
742
263
185
887
542
662
836
427
972
419
928
1
841
711
509
316
479
915
18
449
239
518
114
390
961
944
504
995
20
282
227
604
773
197
884
488
572
755
916
33
187
566
971
368
504
267
27
204
945
745
267
391
967
708
711
645
35
345
37
602
476
118
74
207
611
48
675
169
710
87
120
438
713
962
786
356
75
498
222
216
195
854
209
424
995
491
131
686
381
509
752
729
891
551
97
913
931
899
594
551
854
582
284
127
690
931
290
443
349
330
137
693
850
205
209
880
752
207
224
716
229
570
198
980
451
235
755
653
769
755
132
134
906
917
332
527
930
847
903
95
428
375
770
502
760
451
486
195
266
189
380
955
183
569
178
743
505
373
955
912
513
84
589
450
603
510
212
538
789
912
956
613
34
227
755
311
691
124
533
757
773
71
441
743
398
177
705
717
360
801
447
677
376
401
530
775
584
735
72
605
48
674
718
458
564
444
218
629
759
371
121
466
677
587
597
101
678
756
366
732
390
547
706
497
129
383
631
336
180
106
796
691
198
643
728
704
38
188
618
731
198
949
447
109
109
548
426
697
355
30
510
63
173
255
719
855
24
722
743
675
546
453
724
929
796
629
582
580
371
785
759
134
190
701
515
508
562
662
454
862
625
628
197
337
114
89
620
539
609
213
183
907
127
12
660
818
812
660
510
298
553
238
908
177
250
56
896
305
344
5
196
368
373
642
318
239
929
94
156
442
689
181
642
83
983
497
193
971
812
102
433
149
434
487
79
744
495
954
434
50
699
861
727
548
450
644
781
910
309
553
659
407
995
598
325
808
325
105
485
534
424
156
606
491
891
209
603
928
303
31
382
809
102
331
509
229
797
661
623
440
163
878
669
639
116
131
707
951
215
897
421
978
930
229
966
975
191
534
332
813
376
514
184
779
815
841
841
367
368
386
720
954
735
369
590
325
558
129
169
962
591
939
349
496
864
851
56
332
324
964
430
977
374
96
171
725
312
245
55
791
89
31
483
248
837
390
946
117
647
348
250
238
450
5
770
22
717
691
317
872
940
661
85
66
3
220
371
465
438
114
563
289
539
247
564
718
777
529
836
772
794
967
483
791
484
322
382
672
301
369
476
285
316
183
629
652
693
571
990
787
564
100
712
455
35
527
25
272
934
63
882
757
140
127
495
17
512
414
838
89
581
184
711
352
168
533
354
50
359
697
717
521
584
720
372
295
20
595
139
161
90
106
424
908
791
976
987
312
195
926
39
469
96
637
274
365
836
764
496
912
813
593
350
622
204
200
322
285
442
574
688
279
863
424
152
54
969
533
35
247
721
196
131
889
26
284
834
392
675
958
731
755
508
592
773
14
485
289
446
668
329
981
644
724
921
516
351
503
398
955
858
892
886
102
816
368
624
144
555
373
114
129
615
38
383
986
837
316
567
776
68
680
574
307
914
654
934
586
273
682
360
373
380
577
390
591
352
479
396
446
496
592
85
887
944
941
882
603
371
454
341
192
624
766
340
725
447
767
528
807
418
939
949
137
790
924
284
611
113
689
364
809
453
741
136
750
170
45
186
750
139
910
132
301
422
441
143
679
911
764
237
629
598
663
624
624
244
423
230
70
541
602
956
46
119
712
495
625
218
890
313
127
815
865
688
235
90
782
611
653
548
514
318
98
313
209
670
705
681
999
606
260
714
343
142
713
34
108
517
989
818
310
333
220
918
332
53
767
409
96
101
178
573
243
290
504
856
573
961
230
266
297
728
18
603
427
696
854
97
767
511
188
191
543
850
63
154
761
511
819
757
107
752
555
68
964
908
693
21
800
279
764
514
351
978
458
883
74
445
792
41
883
521
139
5
457
186
380
671
413
129
877
963
900
456
219
613
880
95
948
957
77
580
703
470
174
30
746
504
417
2
651
645
38
318
39
513
143
315
449
842
436
193
520
119
502
42
343
421
69
624
402
29
865
514
626
977
369
537
381
909
148
138
445
970
346
820
691
429
453
720
736
719
113
345
912
373
990
649
691
304
326
203
913
831
7
615
42
464
182
431
463
93
950
929
424
331
340
949
979
990
488
246
269
897
122
453
473
522
934
857
42
633
470
443
415
616
579
910
362
62
760
620
700
486
595
251
409
293
792
926
659
937
675
160
262
644
954
187
391
872
909
542
114
948
451
54
542
645
778
75
919
424
203
843
168
715
895
396
267
755
154
115
351
896
99
626
685
85
348
773
727
372
389
765
876
799
735
318
212
240
839
851
565
153
882
90
576
384
487
281
835
354
646
831
908
937
531
688
46
704
654
8
707
899
178
217
711
691
392
872
596
703
239
345
15
470
82
763
631
497
823
237
637
310
719
416
812
54
655
295
359
144
322
208
505
807
65
590
269
110
32
288
506
588
389
417
370
323
488
58
856
242
770
693
636
882
595
616
365
645
292
201
361
794
501
705
668
813
701
137
450
404
628
713
843
717
966
840
82
67
358
149
569
607
756
324
789
34
397
940
306
264
573
621
51
201
820
230
328
210
418
573
220
496
544
688
377
196
509
72
99
370
129
574
246
876
889
502
740
595
64
207
815
613
655
28
239
386
577
661
305
280
565
526
941
839
496
297
250
767
230
744
104
685
589
34
105
253
495
327
908
385
938
239
656
863
789
676
938
168
985
480
451
53
537
200
18
524
264
680
393
921
742
281
45
56
478
37
383
846
511
195
315
839
637
870
642
449
987
728
664
616
424
12
539
323
515
656
886
524
147
881
314
637
176
193
536
678
720
819
821
411
607
783
314
785
614
569
183
377
286
324
324
989
153
724
924
704
950
713
254
923
527
279
865
489
928
962
707
315
911
895
486
584
674
846
551
532
297
788
445
226
361
581
971
452
858
302
218
71
574
991
214
148
943
263
74
120
611
131
290
357
774
999
926
817
165
325
526
812
962
986
655
560
873
685
728
505
774
84
89
35
936
351
305
843
94
821
849
94
109
101
43
613
539
941
193
82
627
558
899
868
677
25
961
614
89
746
512
903
168
923
605
282
159
764
764
981
825
77
859
414
304
22
800
394
448
806
547
351
616
159
185
865
198
355
727
218
829
752
535
874
646
518
818
703
48
570
762
613
453
467
523
62
211
857
469
37
83
237
144
957
569
996
837
382
529
637
501
935
522
802
289
303
98
355
837
677
62
181
425
680
188
26
237
609
655
474
824
837
334
240
829
318
49
943
643
936
729
619
480
665
452
212
145
970
185
876
192
634
710
634
611
938
315
727
61
739
298
814
707
419
726
777
597
959
901
822
582
882
36
160
642
300
709
962
84
110
519
318
993
993
739
884
404
702
942
758
879
608
871
888
394
222
631
589
236
300
832
324
763
697
692
745
681
836
987
592
149
623
24
613
611
726
801
655
961
9
617
259
135
164
379
860
539
16
53
751
878
810
143
533
926
345
574
138
656
597
74
35
921
659
536
653
378
373
285
31
302
54
984
409
986
83
353
846
744
469
196
101
823
859
53
398
42
557
695
415
795
563
245
78
420
843
99
553
594
618
138
897
519
234
22
509
674
889
774
555
541
42
544
217
827
533
62
482
228
369
89
492
558
810
952
990
378
485
741
886
64
601
324
472
39
352
849
467
29
282
101
942
775
874
428
808
831
26
95
965
471
810
529
436
366
406
760
13
646
885
889
488
70
861
288
345
787
524
451
631
830
538
154
3
18
586
574
950
965
815
363
996
377
196
731
924
421
67
984
617
508
854
85
235
346
132
625
62
159
452
466
85
1
397
626
695
522
70
553
487
75
65
438
921
187
522
683
368
961
213
172
133
298
293
867
226
295
761
412
293
950
258
112
64
915
335
680
877
202
321
88
638
332
283
45
706
308
280
413
356
597
896
585
278
746
902
665
459
169
985
868
713
637
810
762
117
630
253
833
793
975
896
216
304
660
496
116
987
918
907
228
356
325
73
979
119
400
555
617
144
76
478
310
279
719
681
557
216
840
193
568
871
661
830
534
97
959
214
917
254
30
951
566
619
797
746
868
444
538
451
824
926
996
701
917
538
657
810
411
965
803
904
402
300
239
591
60
549
842
735
447
921
343
39
621
926
793
48
322
241
562
208
810
576
814
690
141
902
631
642
480
519
933
118
105
555
378
201
895
456
943
289
427
791
431
400
575
305
958
711
121
211
477
574
651
52
765
417
579
607
540
837
202
83
17
744
196
16
721
733
83
157
676
535
799
133
831
997
894
704
734
660
980
981
326
314
799
788
492
118
594
929
422
934
604
342
204
184
284
0
985
234
212
137
148
300
647
214
774
755
63
934
31
937
367
131
818
528
258
133
633
190
351
385
102
537
322
297
216
923
527
750
518
657
685
968
707
150
317
958
214
805
446
976
324
331
623
961
621
859
768
483
304
475
133
891
795
435
407
163
275
942
753
158
20
449
84
870
933
312
336
785
628
768
39
738
25
111
319
436
26
895
565
609
59
402
592
961
703
312
545
190
711
987
629
668
430
219
972
374
327
662
153
147
347
463
6
288
515
511
276
687
694
641
444
469
111
103
933
113
975
43
778
15
530
680
215
557
272
526
16
493
907
196
398
489
240
247
823
597
28
745
761
342
172
645
994
129
73
919
207
6
726
49
632
594
663
175
500
988
464
692
854
399
103
613
963
86
823
892
542
535
450
295
162
302
386
142
836
770
604
700
11
732
353
581
221
835
226
662
615
909
928
785
152
200
14
911
122
943
587
920
607
648
15
199
324
914
954
153
84
283
180
796
588
72
564
251
110
750
64
823
852
852
85
346
883
932
556
157
18
991
889
250
213
973
385
555
874
910
480
649
415
226
173
185
38
260
106
905
327
726
403
208
600
390
738
451
683
758
165
331
108
810
277
396
206
98
107
377
697
782
265
27
705
497
755
481
822
487
512
784
140
376
41
843
79
494
836
935
884
515
13
165
878
596
98
59
940
842
98
556
156
47
209
946
622
485
2
246
535
418
130
695
569
728
933
702
939
905
631
10
170
575
857
935
684
945
125
850
204
954
440
335
575
540
100
363
794
234
175
590
814
827
635
640
417
953
723
652
130
937
470
41
961
814
211
253
681
998
50
285
938
606
275
848
543
529
781
210
281
20
12
443
918
525
72
327
946
369
143
905
568
652
470
896
421
619
161
812
65
286
884
217
122
370
709
746
47
931
889
41
159
414
39
635
908
524
133
745
215
266
365
120
608
389
339
330
897
932
678
422
929
54
808
642
112
994
636
361
972
157
411
631
279
997
235
760
218
564
797
545
139
905
97
191
958
273
24
780
283
27
38
880
484
816
938
243
440
193
459
736
777
363
577
750
679
205
124
624
999
626
733
908
867
210
40
385
759
11
754
593
45
349
805
494
254
450
525
553
766
764
22
173
242
681
564
730
809
474
527
294
900
697
945
806
740
344
805
874
510
367
13
22
53
13
744
308
932
280
206
959
886
839
154
123
396
740
843
568
178
447
78
614
871
526
884
858
584
217
884
214
392
945
500
598
253
712
705
286
849
580
33
274
116
982
873
134
803
687
920
156
463
737
359
387
404
91
811
476
284
511
801
24
744
686
844
86
794
67
558
81
466
380
369
853
43
964
993
426
977
390
944
409
266
325
549
835
134
894
266
305
404
831
72
750
162
153
73
481
816
952
570
279
586
435
995
277
585
495
844
403
684
734
438
876
408
268
876
737
897
370
492
301
900
892
349
27
755
478
894
276
867
811
185
69
70
909
947
174
56
161
400
685
896
313
815
480
973
781
760
369
490
884
566
811
535
660
781
947
254
913
960
11
695
946
183
496
680
359
212
658
789
86
816
540
872
357
799
801
13
426
397
943
532
271
883
832
275
641
146
114
992
335
11
921
72
191
544
130
487
828
347
976
764
860
777
836
128
102
90
549
123
793
111
855
35
591
408
727
195
128
394
188
84
595
58
450
234
111
217
817
989
712
59
642
545
893
685
337
709
94
643
453
733
772
595
605
76
856
57
365
666
485
992
446
182
529
266
635
56
102
644
111
558
568
417
844
880
151
402
167
642
955
22
824
446
719
580
581
523
431
362
829
358
843
640
306
619
926
591
816
200
192
975
626
86
150
265
755
845
268
842
322
275
9
833
703
265
576
694
347
755
703
326
492
801
200
23
933
934
333
748
924
636
104
957
364
874
584
671
227
708
856
419
758
813
74
926
505
60
161
437
19
368
428
690
493
184
342
863
211
796
586
830
339
90
427
346
835
854
522
470
271
41
313
384
768
196
484
578
432
17
431
653
273
238
994
849
565
711
458
910
328
544
121
80
322
620
933
763
929
52
190
11
868
791
529
565
818
346
850
384
136
229
318
234
497
90
414
481
447
186
167
798
496
774
711
247
69
175
466
890
284
618
210
233
149
476
741
935
665
781
224
757
574
380
122
489
335
720
827
227
832
757
771
565
928
363
983
983
287
711
574
349
223
804
521
837
671
698
57
568
649
865
435
509
925
562
782
52
911
258
437
278
124
884
440
910
242
122
957
468
453
448
356
502
69
973
560
363
5
310
529
270
319
553
334
683
770
27
167
801
853
726
73
172
966
339
459
110
539
488
830
25
290
454
57
179
44
977
658
191
68
605
368
460
701
953
813
164
681
939
73
195
702
992
898
682
938
150
872
751
792
248
68
835
411
845
633
383
823
741
747
156
527
681
835
910
88
318
732
844
829
654
464
158
708
75
676
35
669
392
123
159
11
950
941
765
347
664
656
622
794
916
415
382
243
255
678
152
525
331
432
622
546
943
848
615
316
379
427
508
763
279
751
64
682
759
581
948
95
197
489
229
624
563
730
491
675
235
597
678
806
517
764
135
198
156
356
96
795
453
284
953
199
629
433
968
967
879
311
460
586
198
857
238
655
325
825
669
84
313
316
869
241
15
508
146
818
911
665
599
251
620
442
509
790
215
133
618
240
72
214
353
785
801
388
967
938
798
191
305
161
580
918
63
752
477
437
485
12
198
803
382
633
901
609
493
627
506
135
546
919
568
489
902
952
856
790
91
877
43
569
354
231
498
88
250
969
556
890
122
560
891
670
203
930
507
254
117
715
504
354
597
98
947
993
135
586
136
355
182
516
879
66
805
234
182
134
657
838
583
447
909
985
563
573
841
296
571
996
33
297
638
660
213
771
412
572
242
595
381
854
748
891
439
926
990
797
523
44
608
877
251
73
219
836
106
237
469
33
391
799
228
834
632
695
496
856
159
517
665
328
203
60
969
510
390
9
120
628
446
85
987
761
651
114
368
332
548
587
497
895
326
955
874
913
242
599
593
108
905
928
249
997
134
489
530
769
769
975
600
348
644
198
502
381
91
888
352
206
205
776
434
496
897
925
177
755
807
418
691
530
733
202
901
149
178
345
185
88
242
941
394
177
95
355
726
711
328
62
182
78
433
931
461
390
438
560
395
763
133
795
405
632
991
190
714
997
267
927
684
111
280
134
113
46
420
936
526
370
37
513
311
726
843
550
717
15
657
592
700
966
830
613
864
633
916
840
900
680
517
833
534
722
284
559
794
640
311
313
514
705
239
388
471
973
753
86
958
198
197
746
802
96
584
93
281
113
896
917
534
738
627
729
995
382
804
474
353
858
796
801
406
282
665
163
545
381
53
303
516
870
254
929
326
20
989
646
93
147
701
551
765
985
139
515
639
445
4
237
953
25
47
173
230
416
319
218
450
514
949
765
443
765
593
585
47
54
850
206
919
757
346
116
237
62
999
765
951
212
743
140
999
816
91
777
262
47
854
982
621
553
59
908
256
254
729
70
623
979
812
591
698
138
272
224
217
576
708
249
493
847
497
369
743
116
646
977
290
27
378
242
935
334
516
255
46
117
698
765
3
287
853
886
533
38
581
269
942
385
238
581
767
378
367
378
108
56
146
256
831
856
261
970
236
228
413
571
712
917
401
985
359
429
842
503
569
141
293
289
424
637
937
514
576
866
868
202
835
745
29
772
152
242
901
611
519
856
664
732
860
900
473
38
958
353
879
718
835
483
698
191
66
617
393
551
436
521
36
949
191
306
137
439
305
109
478
640
502
693
689
901
997
733
847
80
517
688
751
22
824
764
291
988
97
160
746
439
311
661
204
592
654
312
676
62
726
261
555
533
602
751
102
244
920
700
726
820
320
158
496
117
906
972
833
827
752
111
200
661
869
888
32
222
562
695
712
884
675
662
32
414
666
860
506
939
343
461
251
965
394
406
53
69
615
383
714
24
741
586
39
30
419
759
562
19
167
882
450
463
765
372
50
648
688
69
825
735
664
372
689
168
584
293
617
594
458
817
738
471
698
868
490
950
124
399
592
460
642
413
462
977
102
171
132
166
41
201
926
100
669
429
204
823
141
302
386
674
375
382
195
300
275
873
391
321
547
930
766
867
311
5
408
383
100
639
930
852
296
273
71
909
380
420
505
904
510
830
642
935
363
178
28
612
165
894
456
410
422
750
519
390
786
406
939
4
730
236
673
142
194
484
710
384
544
237
827
54
223
121
646
910
272
673
22
50
516
263
299
126
745
149
159
617
846
275
333
854
796
134
805
497
27
844
928
727
854
860
334
366
212
841
106
931
612
856
991
571
636
239
642
201
150
301
443
318
704
505
713
855
822
682
272
976
998
589
954
438
872
853
207
123
896
309
210
82
801
649
339
42
272
171
394
775
266
833
694
243
475
155
186
36
972
394
713
392
704
140
126
91
627
124
610
761
616
183
538
143
613
401
660
811
941
934
919
836
50
116
605
923
868
885
94
921
571
283
41
27
349
124
697
593
28
845
234
668
487
795
478
589
715
693
737
50
238
532
813
931
281
92
395
587
711
653
407
114
781
66
182
767
264
474
215
635
182
45
19
385
378
22
634
697
216
271
443
51
88
91
712
809
802
268
892
790
711
492
482
506
296
409
147
31
686
10
851
854
781
358
209
586
645
492
978
239
30
548
224
19
327
708
940
146
443
792
677
984
522
89
187
382
295
357
69
160
315
207
19
62
317
989
585
750
708
800
697
930
587
817
20
165
927
430
556
905
992
403
497
85
497
262
158
666
782
35
471
268
594
214
874
302
842
702
623
614
202
894
85
288
833
304
458
766
147
115
654
972
723
219
637
49
131
239
951
434
122
397
198
905
16
586
459
515
209
910
830
440
915
339
880
67
822
319
854
464
792
847
276
821
98
579
780
913
458
17
154
146
949
801
229
163
849
271
980
26
612
31
122
175
597
115
895
928
469
696
773
425
985
303
844
225
319
783
546
488
27
279
155
493
413
913
208
492
648
722
527
804
265
767
319
655
10
577
447
922
834
689
506
956
643
414
888
180
104
947
748
171
785
574
925
336
308
851
156
906
378
199
585
336
19
640
218
605
455
602
474
151
170
156
945
814
578
65
829
626
792
395
261
461
641
346
942
239
896
65
188
528
722
257
175
481
710
343
655
187
775
257
653
465
191
791
79
626
593
124
952
334
963
411
154
74
535
814
992
686
332
529
69
771
950
725
939
122
622
761
385
712
943
347
308
117
767
644
48
460
917
930
699
941
566
991
950
102
238
766
361
376
821
950
938
621
431
806
818
56
912
144
604
605
187
19
370
103
885
561
302
104
866
767
538
907
675
547
37
485
907
255
195
482
213
523
759
148
604
785
904
295
742
858
285
176
526
190
621
731
740
281
31
843
844
201
963
748
936
259
268
828
66
741
603
816
161
310
129
172
527
154
400
442
142
90
855
236
965
680
144
956
587
911
95
480
94
153
761
67
871
731
998
566
862
251
45
902
406
850
731
799
405
932
952
23
275
75
694
693
740
35
358
647
867
185
817
491
620
981
664
749
286
759
616
680
68
990
341
128
983
810
394
131
946
523
427
400
377
235
271
583
222
198
453
672
705
618
641
792
508
105
971
302
128
179
677
388
632
497
919
449
680
172
385
419
217
4
828
298
700
525
501
495
528
499
319
267
738
398
996
100
464
928
200
66
738
587
898
336
213
73
143
302
821
979
309
212
863
298
849
152
936
348
581
248
133
22
73
580
945
697
317
962
116
263
113
461
78
604
442
352
568
697
881
939
426
851
408
600
815
250
716
880
186
150
562
967
139
836
672
270
473
542
689
215
238
505
667
322
130
432
137
102
677
510
40
268
276
248
9
229
846
712
866
604
164
694
401
998
60
289
278
270
57
227
587
573
256
499
394
702
432
132
44
272
311
491
698
412
182
198
601
983
488
639
727
913
900
784
172
635
636
768
616
784
234
867
831
354
750
264
403
165
86
540
414
393
699
109
657
481
219
777
942
80
33
852
103
187
725
783
746
273
97
638
426
688
169
498
514
513
701
301
760
363
735
437
483
29
276
351
491
941
817
349
388
742
140
802
894
286
347
705
396
77
972
638
959
689
51
436
911
927
793
574
549
884
639
769
120
489
295
134
10
725
155
670
126
260
453
61
768
253
274
801
641
138
724
292
525
776
306
653
835
638
694
958
496
139
507
126
192
424
0
742
923
772
182
640
112
454
898
59
185
309
615
651
362
676
323
6
367
721
52
289
321
940
391
369
484
285
413
966
960
254
531
698
866
64
12
567
903
73
741
885
60
394
228
67
45
847
126
997
56
392
948
12
237
589
281
764
533
718
707
695
19
0
691
22
379
147
819
951
78
224
747
354
967
424
71
661
117
944
633
688
758
897
934
571
564
331
480
763
854
601
720
491
678
64
517
751
906
578
565
796
81
215
631
235
916
899
259
933
287
738
15
569
59
239
78
248
257
628
351
145
53
788
928
448
884
132
452
249
923
785
840
666
373
963
366
639
849
238
548
263
750
273
533
468
676
383
9
104
897
795
331
618
420
545
271
592
289
240
750
655
665
435
815
325
926
918
84
512
128
118
182
183
575
561
830
414
77
197
162
175
87
581
967
923
488
901
217
681
50
974
420
549
762
469
6
194
678
46
180
746
670
759
806
89
773
671
359
722
274
213
92
697
359
404
241
632
29
980
394
933
282
964
581
697
577
747
938
555
412
951
19
2
615
637
982
697
196
902
684
205
127
378
717
755
702
550
170
916
255
953
95
666
846
661
995
988
865
657
477
989
265
419
133
539
519
19
892
588
713
930
81
491
744
569
432
247
127
559
649
436
930
802
275
795
25
838
547
188
623
635
669
741
395
288
669
10
370
758
931
380
207
632
89
519
113
38
234
114
31
329
432
195
162
169
962
11
759
842
616
581
711
644
181
957
741
721
152
963
196
18
839
462
619
707
64
389
886
325
125
161
129
18
596
798
867
491
752
240
493
213
199
643
966
386
305
794
988
347
322
953
313
259
676
646
808
855
20
794
562
458
46
318
721
941
96
40
25
459
881
525
446
707
116
280
86
591
277
705
763
977
398
777
53
636
734
265
586
400
71
858
11
616
866
47
220
790
906
958
679
167
273
382
447
680
963
267
420
455
93
108
255
719
961
550
299
643
593
473
502
299
230
392
683
676
244
158
78
282
843
28
955
937
517
399
835
585
911
758
299
216
998
9
307
785
367
964
336
938
706
307
31
115
380
80
631
682
432
553
329
636
282
356
759
318
520
76
982
825
844
909
553
156
762
770
819
932
835
393
857
126
996
468
762
268
78
320
515
790
370
970
947
80
361
973
96
338
389
896
69
613
992
269
457
704
695
301
556
242
202
758
800
723
763
670
394
659
184
577
300
436
775
231
104
131
261
977
179
568
642
361
643
296
709
913
46
72
144
100
681
714
159
721
722
420
715
743
139
211
669
930
108
679
41
378
595
64
689
324
34
174
42
10
85
742
888
374
798
224
857
957
407
661
568
814
923
598
304
753
882
384
722
948
360
124
214
257
176
995
482
67
378
46
10
575
742
27
924
352
203
683
766
507
241
281
679
57
991
725
134
50
274
662
267
470
659
15
584
694
4
152
12
690
815
221
68
732
378
587
126
106
658
895
571
905
419
553
600
708
402
653
82
756
408
362
259
122
19
259
709
471
42
276
466
252
116
623
862
78
294
83
106
113
600
494
469
197
402
369
80
558
592
154
135
941
127
823
791
436
3
518
537
247
631
689
473
814
423
143
99
127
109
318
723
624
767
244
71
850
849
230
603
49
85
463
240
591
803
993
691
793
574
274
230
866
853
910
61
427
931
346
935
836
516
817
478
787
308
239
653
99
69
346
85
185
500
545
171
320
105
29
226
820
682
492
289
379
531
516
201
464
683
268
62
73
342
566
527
264
491
705
427
294
833
20
713
739
43
828
508
59
229
766
585
738
953
920
255
96
11
377
42
48
965
377
700
274
935
123
313
48
127
840
773
102
370
829
388
770
92
308
933
835
529
264
180
583
664
201
875
532
233
728
540
936
555
333
645
627
972
956
121
610
606
781
567
535
482
635
473
211
980
716
947
118
915
279
838
430
523
637
560
259
889
789
442
795
954
723
406
33
65
779
298
63
283
727
581
557
32
561
573
58
296
170
891
903
879
992
468
963
783
638
788
305
800
165
657
878
159
376
674
534
848
726
346
422
665
129
388
380
301
563
436
626
834
768
736
946
48
886
370
931
758
593
547
226
610
667
917
500
828
408
492
639
983
984
563
233
774
382
871
288
79
205
882
712
895
787
894
571
434
605
555
594
28
665
487
658
473
811
953
210
358
959
450
57
170
493
785
532
996
899
2
501
162
908
154
223
3
62
737
85
738
889
12
875
455
172
310
133
476
201
898
171
513
793
456
206
836
354
569
244
8
76
57
567
385
403
945
68
322
319
781
422
51
375
552
579
466
20
202
559
148
642
732
420
144
697
16
371
81
346
55
892
894
940
728
330
80
663
546
994
719
800
47
273
673
362
381
941
401
838
977
892
87
265
250
801
121
452
439
813
998
49
799
873
923
641
748
650
540
386
378
965
192
270
913
914
625
375
948
430
703
870
150
952
361
906
841
717
455
190
906
870
302
132
116
407
97
669
759
587
776
722
533
915
568
596
505
765
271
112
236
713
353
447
365
375
140
738
428
268
581
378
628
380
638
645
43
625
788
629
335
281
232
914
750
790
754
536
498
750
285
659
671
619
36
343
874
933
479
852
521
499
785
438
233
377
489
26
735
395
794
741
735
352
681
927
466
386
564
692
712
633
498
379
178
223
122
936
194
526
715
748
73
622
885
740
13
931
763
623
150
707
750
16
907
52
943
660
941
364
304
661
55
802
199
13
344
746
928
671
688
543
566
774
867
576
14
593
676
332
393
998
329
250
339
803
471
826
916
309
642
47
963
663
603
734
202
980
887
631
490
567
159
834
12
175
345
750
304
849
203
642
606
581
383
326
975
483
15
380
847
318
934
168
977
174
217
959
70
604
880
619
444
134
429
172
48
978
504
923
663
551
388
832
398
551
250
483
324
289
416
111
65
956
909
691
54
805
51
658
464
121
642
762
762
630
325
617
350
659
876
892
167
801
69
281
846
145
863
68
256
884
596
39
336
818
114
819
766
666
959
107
587
200
559
487
608
28
140
70
746
239
224
668
188
825
809
579
858
662
449
798
573
695
961
857
143
28
594
196
845
431
24
286
692
779
684
142
513
620
372
565
842
689
449
192
138
860
788
969
173
594
637
604
632
821
322
319
43
366
417
643
247
544
394
272
38
705
740
644
787
137
882
628
727
645
778
675
301
717
42
807
747
49
591
667
989
899
907
919
791
205
402
324
87
371
898
619
149
339
964
365
313
761
219
661
511
727
72
922
224
386
552
257
328
55
946
783
872
876
401
731
240
724
858
98
827
290
306
420
878
551
472
900
806
230
58
173
805
292
751
112
257
317
848
754
881
289
188
282
965
510
710
769
361
823
109
121
29
690
736
336
932
384
923
358
999
661
691
433
382
423
74
618
938
987
192
656
146
610
526
683
272
11
344
283
390
371
918
167
482
439
879
369
636
410
787
302
392
354
346
915
621
836
230
44
593
792
195
710
694
263
999
252
572
120
177
687
748
499
578
245
23
477
890
676
969
218
473
273
821
360
964
761
942
671
55
480
368
919
957
600
769
11
641
121
607
977
351
423
670
827
781
898
294
719
759
118
839
354
964
74
355
396
379
614
270
717
337
693
532
966
130
722
327
626
176
319
387
122
669
49
489
143
746
543
692
435
162
657
523
593
950
822
947
755
517
357
945
297
511
277
217
119
70
88
565
144
970
530
54
590
848
431
696
716
302
387
653
691
909
635
801
40
171
872
372
670
380
756
849
0
885
397
659
735
453
702
239
657
953
349
98
787
138
935
823
301
404
495
125
275
702
886
259
589
569
749
425
932
942
286
45
180
961
976
54
777
980
768
824
394
409
692
428
563
392
892
811
78
369
378
328
169
191
608
127
211
794
952
238
999
663
702
966
251
685
42
93
171
6
666
468
742
552
517
616
555
503
298
671
100
249
326
809
655
462
252
737
518
202
934
870
13
129
322
130
224
341
768
526
847
39
872
488
282
432
41
874
302
690
908
808
610
400
127
734
43
286
461
572
242
543
787
119
664
569
685
404
320
375
254
692
58
683
127
7
688
701
766
510
345
405
392
169
116
9
618
705
799
627
153
540
740
11
746
899
956
540
411
433
662
13
175
82
88
334
417
325
534
469
216
224
329
380
345
927
742
873
179
936
815
626
579
70
119
130
167
735
71
965
719
572
742
955
656
341
877
789
43
599
904
834
770
532
320
163
419
764
37
963
901
5
385
829
182
245
984
689
23
991
283
927
327
90
28
975
60
362
452
786
905
544
368
40
1
269
138
871
34
751
412
948
52
93
951
18
848
765
913
332
702
743
877
56
894
230
229
283
824
43
810
171
336
45
668
900
25
929
957
651
834
281
463
728
85
325
166
108
772
835
688
39
791
803
761
196
776
668
812
699
40
445
307
803
466
489
567
18
948
538
795
898
23
440
611
587
900
527
538
55
654
578
176
893
222
31
131
893
105
409
69
645
430
84
259
862
124
713
541
862
577
854
105
482
869
544
394
176
636
47
975
247
994
735
798
275
528
95
542
65
581
256
196
875
81
308
645
16
619
24
755
227
378
151
379
942
16
340
738
228
610
395
864
728
4
997
653
229
625
279
568
770
352
782
622
617
371
833
967
981
769
370
572
734
891
442
773
363
556
560
743
578
425
582
162
374
439
753
633
422
4
626
675
222
142
518
182
60
792
62
371
298
643
700
596
531
401
419
290
555
501
201
867
87
286
940
905
846
641
526
142
283
102
190
579
256
467
644
656
168
29
793
766
145
414
169
360
733
864
46
463
396
423
26
164
351
724
640
489
603
197
936
209
559
722
613
174
924
211
605
857
553
734
828
203
672
228
77
778
609
283
767
928
712
550
151
382
125
640
688
669
176
999
300
389
167
397
469
686
70
235
812
20
98
342
629
120
10
19
61
256
906
750
898
33
605
806
333
987
838
997
614
331
915
500
693
878
927
283
336
304
507
581
686
693
216
697
390
327
915
494
13
910
573
934
914
877
502
587
152
657
758
888
407
269
96
190
7
64
603
566
523
32
582
534
726
688
799
421
988
453
743
784
607
198
918
767
757
554
183
962
194
867
360
604
976
448
689
282
175
880
110
597
530
122
458
866
680
586
986
379
60
766
587
687
154
214
569
508
677
706
61
661
842
173
241
966
251
31
204
724
89
537
917
762
969
329
213
990
929
430
390
201
704
165
97
133
455
377
577
138
104
50
74
201
881
540
637
474
589
16
235
600
223
695
259
73
116
987
866
484
372
88
654
891
453
671
751
272
996
252
507
68
216
565
788
330
357
187
727
955
586
749
92
34
720
383
661
167
215
770
118
345
942
917
191
244
790
81
760
835
381
306
314
463
666
481
46
181
969
6
660
333
821
515
314
14
517
292
103
120
117
523
19
258
562
919
661
961
769
764
240
42
260
495
195
302
714
984
644
468
818
145
360
765
148
374
841
73
244
866
901
847
84
665
406
233
269
917
36
502
825
695
787
808
648
199
186
406
324
303
506
565
403
457
886
559
498
641
501
589
753
486
994
96
566
65
212
515
1
616
407
805
449
797
198
547
530
222
898
18
156
882
60
618
265
353
803
446
162
626
315
951
926
90
538
24
929
16
944
317
797
934
970
293
415
393
299
550
168
737
416
183
278
628
694
137
823
286
987
174
722
779
765
692
970
716
795
235
839
392
286
521
834
626
755
376
685
520
168
277
990
219
752
441
422
130
949
676
913
450
329
693
260
977
425
14
318
304
487
940
725
29
514
701
870
464
636
306
401
630
328
692
278
809
38
315
368
369
380
289
988
483
162
524
709
215
66
171
496
640
755
176
847
989
905
155
893
428
986
592
493
622
463
911
591
902
925
769
351
562
735
426
379
900
2
922
538
27
956
61
428
762
874
658
305
626
29
785
978
627
608
990
910
214
281
786
538
390
201
400
769
756
522
957
99
826
124
560
141
903
107
386
509
25
513
119
791
17
564
466
665
808
715
63
400
576
74
673
429
429
376
708
904
242
353
636
351
111
701
365
891
312
652
132
967
265
924
210
741
318
872
905
591
487
487
375
327
17
431
392
36
631
292
344
489
423
88
933
283
153
232
227
56
202
113
153
446
815
206
720
527
645
455
116
175
501
671
251
103
340
570
115
570
361
489
848
752
352
644
475
636
284
483
910
487
912
216
723
936
902
452
413
697
889
637
310
678
805
768
759
468
783
145
686
139
750
413
601
186
337
952
34
742
674
599
979
902
408
996
304
750
554
538
475
198
295
892
523
367
883
846
318
217
740
479
997
299
3
602
671
265
589
583
485
67
409
963
77
152
380
929
282
158
704
867
241
228
915
937
30
126
996
108
237
132
312
440
372
792
642
84
229
833
114
231
826
817
68
401
289
736
377
419
103
747
35
172
441
725
49
697
773
160
146
39
111
111
47
416
487
835
177
865
456
328
282
852
476
668
887
726
35
843
875
766
898
690
919
785
879
718
805
382
627
968
947
75
913
104
797
204
523
794
412
442
363
481
186
256
327
207
319
509
694
798
765
735
335
566
24
629
792
611
122
806
996
66
627
835
830
241
125
886
922
104
693
894
459
808
901
776
263
382
871
68
990
219
508
193
785
307
787
261
808
208
493
100
236
35
508
180
611
471
124
572
553
514
938
519
387
280
417
433
312
669
699
628
176
999
348
815
246
606
259
36
778
257
738
781
639
663
284
138
899
46
838
937
829
163
646
866
944
79
712
950
790
122
536
876
144
694
417
807
337
75
636
288
731
746
772
995
897
712
830
104
963
858
95
513
704
696
693
915
182
119
263
499
20
542
313
454
281
620
679
980
406
164
642
314
638
295
81
988
774
85
559
747
398
223
130
784
863
563
468
581
888
829
458
532
697
967
306
15
848
773
577
611
841
135
946
33
247
596
995
394
962
359
626
719
241
921
549
786
23
291
190
549
986
237
213
397
758
440
959
578
24
509
469
190
470
80
951
807
140
780
103
587
849
676
491
535
520
35
850
404
10
649
647
494
185
11
75
634
968
38
357
916
438
583
996
475
297
402
806
273
142
709
337
74
359
944
38
616
566
995
53
465
726
556
804
566
248
867
9
56
419
244
967
473
589
713
181
556
974
945
25
827
972
537
836
483
816
549
287
846
767
412
596
460
285
285
247
847
885
465
723
618
619
871
257
492
162
789
467
287
721
338
206
160
639
222
326
546
472
938
779
420
672
825
210
195
469
946
862
205
129
489
381
908
156
921
63
682
360
265
649
951
870
576
240
517
862
638
137
188
763
928
325
439
885
895
186
889
224
86
509
165
458
751
858
594
466
465
998
903
892
599
468
248
729
416
324
773
515
934
578
795
581
477
770
434
185
91
217
307
420
390
646
883
524
590
680
672
897
41
737
870
33
820
672
751
790
285
765
925
682
626
117
949
515
717
541
178
345
47
970
3
3
973
895
443
970
540
793
138
454
485
813
996
228
796
449
430
369
371
287
65
880
742
445
93
215
83
506
483
616
848
299
655
355
64
835
536
633
691
138
405
723
417
692
541
585
971
218
675
110
287
78
989
448
710
711
495
382
19
845
337
339
682
422
377
47
578
519
590
820
328
646
379
485
778
436
900
35
925
312
9
937
428
39
884
711
942
687
319
117
290
114
31
517
585
96
143
611
783
446
579
568
744
35
810
913
156
624
558
558
822
551
540
391
95
884
834
305
513
49
874
646
643
214
866
91
96
573
60
434
212
252
793
328
653
27
181
281
809
285
879
367
554
115
0
466
251
876
93
865
781
945
786
422
546
956
197
544
301
617
45
2
956
453
781
393
868
75
168
499
63
557
746
450
716
200
329
967
452
864
535
940
500
378
781
834
332
761
525
81
131
183
412
278
212
789
306
526
625
511
408
681
354
302
508
130
930
433
852
531
175
78
181
77
644
825
198
748
428
207
110
433
573
453
399
306
855
201
933
260
576
82
767
840
277
92
529
524
990
667
179
456
551
409
882
504
847
666
873
970
503
348
980
829
217
61
600
602
25
236
466
990
28
442
283
381
940
609
764
587
14
178
468
211
689
85
795
507
722
905
594
654
600
820
578
649
809
908
509
298
687
499
660
569
499
201
950
3
796
915
762
779
524
410
866
633
384
903
76
95
689
353
621
30
300
601
396
944
210
941
561
598
732
881
16
569
272
996
422
61
888
581
207
138
717
846
681
668
896
897
472
915
432
696
135
797
797
97
488
886
248
685
816
761
341
258
618
985
918
766
78
745
933
580
846
777
373
243
669
58
6
578
620
200
523
776
155
774
562
935
424
784
431
337
966
329
957
66
405
501
362
397
130
889
870
267
596
63
56
805
283
389
709
723
460
269
206
766
220
511
836
71
841
434
339
898
272
354
336
709
662
715
425
979
511
483
727
486
620
598
146
88
685
723
138
618
483
59
573
149
120
618
538
390
614
927
856
295
473
166
859
144
121
452
741
861
199
938
717
937
420
362
919
16
433
774
952
258
214
913
83
939
746
661
661
607
28
203
858
523
628
730
450
518
985
54
627
951
928
809
812
424
822
80
403
384
514
260
67
655
521
289
126
762
871
939
195
486
871
708
388
73
991
954
631
468
219
509
319
636
677
46
918
440
814
27
689
253
868
616
616
101
751
887
328
831
753
528
711
599
42
27
460
342
45
994
728
580
459
492
637
962
842
868
57
852
689
608
615
587
747
765
426
473
109
304
615
78
798
584
702
991
754
863
876
718
931
926
905
460
892
856
545
771
251
527
489
169
619
411
191
894
75
969
494
326
207
328
549
226
208
534
371
553
523
753
386
116
203
650
645
904
947
780
542
868
500
755
673
257
952
935
630
297
129
775
863
849
448
530
479
568
933
184
859
194
696
896
504
214
643
163
128
194
60
781
970
329
138
148
701
290
235
672
841
666
383
291
962
604
533
554
433
845
776
777
401
12
606
69
75
54
381
819
343
640
362
158
424
237
815
69
505
496
960
323
626
523
923
616
698
77
666
941
183
178
518
901
513
141
185
247
391
593
23
559
797
285
818
876
731
629
641
956
779
837
741
28
710
961
312
892
435
655
770
999
397
190
73
0
96
608
980
776
104
267
156
68
558
325
560
306
464
45
147
436
428
39
148
662
577
743
546
562
714
527
298
859
791
740
718
614
761
146
804
428
402
255
192
412
655
237
207
981
996
49
513
849
450
761
338
502
559
707
485
550
626
200
213
230
553
143
74
171
769
261
316
432
273
250
840
100
396
256
332
393
569
117
352
583
520
191
338
79
443
999
758
652
47
102
865
907
806
612
432
435
835
847
594
71
329
201
382
25
751
922
130
97
620
324
42
163
467
958
529
870
667
912
455
488
822
933
623
239
68
575
380
578
971
460
800
158
717
277
112
469
366
792
959
89
465
107
741
391
462
809
675
878
226
722
470
726
98
618
526
277
37
811
122
76
830
838
266
185
115
933
921
62
165
692
948
854
124
878
235
416
334
92
147
236
747
952
86
162
376
304
864
290
663
229
798
470
799
691
437
699
525
291
285
734
399
204
432
612
440
769
10
90
5
284
814
275
747
703
171
72
595
795
890
681
556
994
93
890
827
662
981
489
921
461
408
275
888
36
981
14
763
360
733
137
2
739
712
688
359
700
313
716
752
607
880
495
905
108
897
733
293
84
710
510
913
885
406
296
701
270
536
209
272
54
376
841
191
551
677
566
817
456
444
578
34
345
437
271
978
295
616
411
385
447
851
30
226
23
171
88
377
920
516
648
386
736
224
375
776
92
168
754
126
578
649
590
245
644
213
134
419
225
61
64
860
717
705
591
776
665
52
841
241
181
894
912
543
962
567
757
937
492
405
392
18
948
275
204
158
196
446
176
656
844
212
817
785
194
835
50
255
621
268
150
256
514
490
868
329
303
419
992
127
277
586
643
793
220
413
801
96
342
218
592
765
61
753
472
965
496
998
46
395
0
551
890
730
314
876
961
877
357
191
301
494
466
409
615
399
844
149
775
984
221
6
242
133
424
713
402
107
933
662
180
16
566
113
35
396
113
319
186
799
718
55
766
128
240
910
113
912
696
415
131
145
477
877
19
62
552
158
804
320
580
207
443
345
675
302
772
745
19
464
380
603
103
255
488
92
186
735
173
791
6
725
105
159
707
172
751
514
867
718
512
998
321
716
724
604
242
306
329
798
332
162
362
949
420
987
800
795
180
597
190
74
0
356
830
767
585
767
393
103
771
324
948
692
729
98
550
139
49
178
397
422
513
690
225
513
648
359
816
979
426
231
129
267
379
865
380
292
725
929
630
39
485
372
82
763
903
316
739
660
370
144
206
85
509
172
348
323
489
664
94
639
313
183
321
71
803
47
977
947
451
888
241
503
277
866
424
626
615
967
927
665
889
74
655
752
845
627
336
182
281
337
932
252
483
210
699
747
500
130
807
7
837
989
343
627
342
810
912
770
710
839
431
791
996
155
284
322
420
580
497
216
357
806
544
541
431
636
506
305
298
222
59
92
137
95
987
175
85
697
408
129
991
519
319
538
709
967
417
864
14
699
650
667
0
267
685
655
894
376
19
814
960
231
114
391
114
688
338
687
510
2
627
66
942
524
770
966
585
603
378
981
207
883
495
245
24
996
630
477
838
915
577
766
355
689
110
987
412
276
151
119
141
552
260
866
119
474
236
479
68
753
699
733
355
145
293
352
895
701
377
292
530
17
161
557
743
457
677
765
484
681
647
75
166
721
361
148
615
661
410
465
242
439
232
229
223
937
344
881
946
891
185
806
846
797
910
327
375
626
514
432
253
737
813
422
756
136
205
317
825
680
824
488
847
536
253
640
134
510
667
412
429
449
289
250
439
700
21
615
513
247
248
825
931
240
566
430
21
570
363
808
305
327
73
983
510
575
47
75
77
781
3
437
540
226
15
641
367
201
881
195
919
782
261
906
35
364
342
61
962
937
849
497
99
24
858
340
612
123
496
761
214
634
251
600
754
676
54
489
357
641
47
85
126
795
612
122
848
719
783
961
538
123
746
781
564
405
702
114
477
477
733
775
463
560
768
241
132
611
442
902
698
136
995
971
897
128
936
850
918
429
384
132
424
434
986
295
679
186
546
644
364
954
274
447
124
908
677
716
822
465
407
235
540
42
472
743
38
90
319
976
225
908
883
11
655
68
317
67
896
85
961
31
511
551
323
968
927
58
927
92
292
59
153
748
934
370
922
390
159
414
852
800
270
285
365
586
964
796
879
662
12
136
296
455
192
422
621
235
438
149
305
327
761
438
35
446
692
461
158
476
105
407
691
5
832
199
241
261
707
183
508
700
54
703
922
744
372
805
642
743
164
554
960
95
10
149
859
980
522
438
104
446
968
697
95
435
59
340
411
120
304
615
352
776
770
127
44
510
79
159
399
61
781
381
471
122
979
196
860
386
917
330
547
37
0
816
966
983
467
601
704
471
974
105
919
942
428
892
738
957
180
881
297
3
366
889
483
218
504
839
626
885
616
733
204
64
468
80
955
300
917
226
268
902
114
722
789
106
401
602
550
73
144
53
234
92
386
475
888
988
253
714
649
512
880
618
438
650
649
493
482
959
20
130
130
968
544
677
238
233
524
124
95
142
703
472
768
765
349
30
513
780
573
449
406
112
687
502
350
943
523
356
383
322
5
6
991
931
580
102
454
759
945
895
495
935
221
951
517
65
916
111
714
302
357
305
123
568
931
53
519
826
366
416
646
52
954
705
718
345
330
185
201
511
933
983
123
578
558
189
279
533
721
74
584
190
873
605
837
693
407
3
62
457
118
389
243
599
489
57
908
127
573
530
19
605
931
311
598
89
565
94
32
588
146
595
839
184
389
545
560
2
392
963
454
854
166
191
290
167
485
959
780
586
50
990
984
29
223
52
668
954
208
502
414
290
723
637
194
368
749
89
664
499
849
377
556
670
315
706
711
256
699
562
323
684
445
367
300
556
901
769
354
959
368
105
675
412
966
397
365
905
108
1
913
941
502
787
51
550
537
930
174
487
486
12
309
994
426
243
100
158
34
196
380
173
988
76
405
237
793
270
798
545
87
557
360
979
75
635
904
72
187
172
587
656
370
162
245
920
324
317
370
878
489
886
813
840
535
897
903
858
935
685
478
618
194
690
943
969
637
629
119
105
655
442
459
661
651
159
159
330
985
281
851
24
958
326
402
540
100
598
36
310
421
142
372
865
681
922
603
196
575
647
867
109
951
514
224
373
622
624
784
163
435
747
708
817
286
558
894
957
480
134
682
205
758
45
753
347
359
683
505
40
325
595
512
719
848
799
383
361
469
9
92
617
486
872
111
188
52
563
390
335
343
877
292
796
534
221
940
770
385
352
195
743
379
357
875
637
662
597
12
631
735
22
950
431
216
570
897
261
812
864
397
837
269
959
469
294
369
290
790
131
187
37
214
424
638
571
168
330
284
593
620
754
861
106
242
864
555
783
599
113
130
771
32
821
581
256
195
271
283
426
902
658
825
254
711
788
857
607
634
97
288
589
137
759
597
225
813
426
821
442
547
435
27
773
330
137
996
989
169
852
473
551
758
602
311
168
264
41
384
741
214
656
852
679
720
130
786
297
579
287
463
263
187
608
922
597
832
407
118
777
931
153
798
342
442
153
80
622
775
739
528
754
39
433
469
113
294
149
712
852
295
100
352
170
865
379
531
925
854
81
455
567
101
161
919
610
847
250
833
659
150
348
380
490
938
217
486
257
997
950
244
719
550
205
459
671
299
825
779
130
511
716
171
469
155
752
959
896
89
0
694
133
355
651
920
145
194
37
765
130
155
481
712
693
987
830
595
979
51
581
788
863
135
980
525
527
81
907
410
276
587
465
275
575
369
433
464
738
372
391
60
793
498
304
707
43
67
795
613
433
39
931
708
817
259
334
474
751
347
301
564
249
833
335
707
973
155
956
153
850
155
900
56
320
320
618
598
781
873
448
429
852
698
816
207
884
415
739
534
618
157
322
241
84
880
336
523
924
727
80
838
429
788
711
997
621
359
672
815
638
570
809
623
658
879
231
207
595
22
994
341
485
187
183
582
889
924
518
431
166
384
271
787
790
586
30
799
786
957
896
425
291
385
945
270
270
412
364
186
851
333
494
770
155
329
567
950
491
496
222
659
553
401
40
365
226
50
756
929
341
604
70
408
696
3
150
239
165
444
660
467
336
871
507
275
496
491
135
846
399
161
636
307
456
376
132
767
284
807
781
952
969
226
253
368
784
132
274
774
969
283
378
79
869
872
700
554
912
645
98
872
217
818
372
970
495
128
569
29
289
286
156
192
602
970
529
158
808
535
123
487
216
132
731
793
95
814
119
612
215
116
708
826
436
807
698
261
226
77
979
499
125
387
382
117
117
503
687
885
340
184
635
749
316
85
162
653
866
162
598
36
297
450
114
320
149
622
617
64
629
195
933
766
796
473
528
250
260
991
714
130
327
468
775
382
123
137
556
167
441
995
910
368
19
956
536
804
616
121
367
575
205
653
475
977
657
420
860
285
77
165
750
247
566
687
747
36
488
220
476
636
849
946
771
746
24
414
104
260
568
300
870
893
500
993
706
40
129
577
143
776
154
189
336
178
412
844
379
804
816
18
262
903
174
974
690
239
292
381
320
171
314
676
36
176
208
394
557
624
431
484
37
799
593
395
411
991
559
968
963
537
669
391
935
300
19
209
381
506
507
851
820
261
873
756
939
858
564
596
160
147
336
912
682
192
278
34
836
392
865
6
247
505
612
119
250
439
477
159
208
385
753
461
631
71
27
833
624
735
964
91
984
352
704
850
218
933
275
496
198
867
494
914
10
926
458
422
436
477
680
117
713
566
306
864
405
812
281
862
904
653
829
75
40
376
386
213
249
524
781
720
734
667
755
194
386
213
858
856
24
409
871
207
291
902
179
878
715
472
458
128
885
974
441
280
213
121
620
854
130
319
713
766
943
60
300
967
634
610
488
113
842
79
343
880
482
285
406
709
676
384
488
475
812
736
869
959
66
837
559
408
779
282
673
838
725
915
973
288
845
592
632
957
623
556
131
924
57
727
313
919
469
798
592
970
24
693
86
282
420
931
530
48
374
459
275
388
805
779
481
966
864
853
62
472
122
531
169
104
198
791
239
546
592
872
374
714
415
753
999
430
998
988
767
225
641
620
890
324
562
520
493
408
432
43
559
335
392
144
66
256
987
690
820
616
724
66
661
854
892
250
388
671
900
854
58
688
838
578
403
834
729
590
20
24
135
567
245
804
620
759
429
183
997
140
620
31
307
542
602
506
451
890
809
849
555
44
881
841
514
857
984
426
676
722
987
650
346
428
286
388
122
237
964
954
728
249
908
626
41
986
744
531
311
14
939
497
622
498
542
950
377
253
574
177
162
431
918
899
373
664
325
819
959
861
476
884
544
501
6
356
106
881
204
101
901
418
460
833
305
381
173
958
815
697
202
9
829
545
569
158
20
645
174
462
351
227
897
385
169
603
512
723
227
688
450
755
202
778
114
630
393
864
916
115
56
898
431
15
817
173
975
880
586
616
485
87
548
620
846
151
623
136
309
202
696
538
893
322
48
161
104
597
114
959
61
873
160
988
113
103
314
414
741
221
221
989
895
915
380
810
640
791
774
656
393
268
251
939
859
269
740
972
18
400
238
334
332
141
3
115
564
262
621
864
206
152
600
336
630
431
603
940
586
224
570
415
680
599
203
535
525
905
962
983
996
916
908
122
887
139
500
171
156
686
678
440
799
390
774
84
648
813
52
523
801
156
942
72
847
934
233
338
266
730
598
910
634
118
797
766
632
382
417
759
814
4
768
360
748
498
940
910
936
203
771
189
185
967
96
24
392
877
747
441
588
746
324
21
744
592
191
975
27
211
468
636
388
349
207
326
608
640
431
482
290
115
589
541
565
694
410
539
329
528
885
775
952
168
984
231
299
296
582
191
966
389
603
406
884
707
967
742
744
30
513
956
610
99
853
807
890
108
433
693
501
531
922
57
897
598
797
993
598
232
692
468
906
65
688
281
617
67
413
482
344
557
823
471
20
541
191
151
348
198
82
466
232
306
382
794
804
144
353
911
325
534
32
433
558
986
264
192
519
898
437
824
779
532
13
937
509
15
672
882
591
744
743
989
902
49
773
406
797
547
670
965
756
597
755
899
868
485
703
577
618
826
298
395
630
188
863
740
688
235
763
675
718
701
717
363
91
324
924
761
503
571
922
238
351
376
411
44
801
717
897
270
887
897
976
751
349
12
721
877
72
983
733
230
125
809
728
864
820
663
815
655
735
835
703
127
2
149
756
818
777
559
946
187
392
25
116
569
107
941
759
63
595
862
329
408
522
994
123
368
539
814
433
821
785
208
962
996
90
967
688
745
839
686
614
710
579
32
481
276
5
814
444
264
116
260
732
740
639
353
572
926
38
589
942
526
696
157
295
145
786
633
670
115
656
31
249
441
203
929
763
76
799
265
942
498
336
444
473
70
280
764
430
504
280
472
283
647
41
902
786
562
445
729
199
774
487
533
766
786
284
135
495
878
708
698
727
938
297
324
812
979
955
775
380
216
861
715
859
442
488
769
863
2
617
450
721
285
522
973
747
602
474
488
16
669
153
126
669
244
533
527
154
925
546
645
804
322
569
602
826
397
352
855
106
318
602
552
760
860
994
395
242
104
497
287
843
277
90
129
82
467
22
201
662
475
922
443
880
540
577
553
117
60
758
447
71
522
34
351
367
800
438
314
48
167
190
79
443
802
938
814
11
900
330
894
100
702
470
524
493
344
367
933
359
705
725
146
305
578
854
586
450
508
488
406
506
658
19
894
413
265
742
825
316
563
444
633
57
331
499
941
96
188
185
864
829
946
163
583
494
449
819
343
118
852
877
93
426
126
614
95
115
629
402
535
337
564
369
256
561
887
932
361
19
874
402
287
706
514
546
768
328
765
876
17
254
29
152
896
829
783
954
94
260
802
249
932
534
931
251
526
319
93
631
269
227
30
686
79
419
933
742
209
973
440
493
212
110
842
710
53
455
272
979
95
401
197
344
451
535
19
559
151
519
178
582
437
444
910
273
818
419
480
284
975
607
567
370
924
19
303
315
544
860
791
917
822
273
24
650
393
103
506
370
351
29
889
917
268
497
412
687
750
566
974
320
269
395
613
711
301
992
648
227
724
623
694
269
390
501
505
453
97
796
138
71
450
566
894
897
230
800
845
861
557
889
747
182
200
293
240
864
987
570
802
633
622
862
402
565
629
43
108
947
240
665
479
698
5
726
709
846
880
804
429
869
92
191
964
817
228
633
722
818
507
372
944
761
297
612
255
435
318
6
643
256
889
241
711
631
26
408
307
704
198
368
552
605
232
612
59
486
876
603
640
600
471
843
654
113
866
276
144
738
637
3
156
89
145
33
772
274
446
384
490
698
515
34
993
712
19
405
126
952
52
743
581
886
828
234
344
131
420
371
563
62
238
21
314
874
75
62
619
392
141
386
825
705
235
684
493
922
179
534
121
549
817
224
703
328
990
117
251
476
836
22
18
995
822
937
242
367
940
34
768
483
731
340
457
657
427
59
640
488
507
433
14
198
407
780
8
330
945
505
546
143
958
471
978
646
39
194
799
851
63
618
543
761
997
279
552
821
871
291
398
476
686
189
531
538
225
893
893
136
546
441
250
241
780
643
366
993
790
828
61
459
641
170
724
813
69
249
81
482
962
712
659
460
690
387
363
11
812
529
482
479
243
945
541
558
957
54
348
842
959
956
304
82
550
277
954
683
888
293
0
547
905
630
138
714
842
465
971
174
651
458
563
129
297
630
185
729
3
84
14
604
598
549
909
53
737
393
974
767
434
776
953
149
55
305
480
756
873
658
270
438
603
437
851
420
264
300
337
15
530
417
953
275
327
140
750
768
966
113
892
294
928
389
361
228
721
317
281
261
941
275
608
504
415
502
984
611
477
109
2
212
664
897
425
651
351
644
754
78
90
193
463
858
100
192
867
52
946
246
689
394
689
927
869
344
268
818
819
930
450
656
406
523
54
439
361
144
744
985
58
572
137
324
5
193
84
398
100
776
863
743
147
981
865
491
457
818
45
474
67
53
637
846
603
385
266
361
199
615
191
24
36
438
110
887
184
398
74
130
566
349
620
862
420
211
985
322
337
193
639
13
291
313
528
69
821
617
520
225
845
970
401
932
643
696
310
519
629
757
668
521
863
526
523
237
832
601
660
792
728
649
630
134
926
400
89
369
446
809
635
52
408
839
24
338
675
125
420
246
471
906
156
950
243
160
579
657
659
594
160
898
507
984
701
129
513
40
778
452
116
619
208
879
59
785
146
157
529
209
821
201
356
289
256
918
28
487
478
247
89
842
744
76
485
56
24
209
880
508
385
821
618
851
578
548
84
116
737
897
935
426
204
548
30
727
498
188
224
686
168
201
517
413
176
736
226
918
548
908
7
472
80
317
773
614
270
504
693
532
219
539
428
954
62
227
754
215
0
140
546
202
158
916
172
567
364
476
334
261
29
964
729
680
765
450
312
840
335
759
211
661
42
758
961
565
406
730
996
724
189
987
942
167
876
964
834
925
768
188
149
618
78
342
236
673
579
544
495
245
170
509
970
140
492
615
676
401
25
524
592
52
20
492
721
696
821
741
307
793
512
954
156
401
419
87
290
581
925
249
670
944
474
870
389
524
579
529
520
680
194
327
785
314
339
259
686
642
422
738
506
649
928
445
390
101
530
841
951
306
441
300
513
214
92
485
714
505
733
128
137
374
926
670
492
83
893
877
65
457
330
785
948
312
677
494
672
643
60
729
137
595
938
858
437
850
52
792
467
495
172
33
603
337
96
444
741
577
86
518
206
920
238
133
150
682
297
723
76
582
887
491
802
924
644
577
45
194
964
985
437
682
22
160
555
739
741
78
336
794
273
504
66
388
557
993
73
523
577
160
344
52
647
570
727
857
547
789
982
767
795
926
268
286
518
775
460
96
825
465
401
632
612
41
296
977
436
330
196
752
817
896
120
383
247
164
740
334
314
401
418
160
635
929
579
696
840
92
395
238
7
815
683
129
802
93
757
490
990
45
321
883
685
823
718
291
700
980
613
200
855
745
527
871
441
847
47
210
911
243
962
334
996
493
963
168
271
535
107
340
816
764
901
58
250
498
952
94
153
901
862
769
693
370
57
881
424
92
12
202
305
327
15
471
363
255
349
706
255
107
64
931
661
788
812
912
138
44
905
665
835
957
626
359
448
727
538
945
924
485
750
291
113
196
110
795
128
409
789
585
78
934
607
314
194
529
98
153
410
297
877
307
438
894
990
781
188
156
432
316
770
859
513
529
387
15
929
151
344
15
62
938
976
547
501
142
522
159
59
873
783
566
337
534
173
821
734
335
365
526
478
542
710
389
640
768
195
739
334
239
783
20
693
106
713
775
892
947
50
698
490
549
803
127
576
71
972
46
285
529
327
168
520
283
611
422
440
165
429
652
968
550
48
198
806
28
445
541
42
772
902
661
252
199
324
134
838
290
896
573
345
128
934
951
131
854
454
330
85
626
285
839
363
353
848
535
917
100
136
473
243
670
625
910
173
237
332
162
984
386
445
318
60
446
582
518
930
139
258
412
979
509
719
288
844
987
690
445
654
614
350
72
641
661
759
295
817
289
729
516
144
300
78
813
579
273
980
554
129
400
748
442
902
33
943
169
462
98
91
706
948
958
467
333
370
148
741
454
107
657
461
634
212
483
935
334
154
516
90
622
589
167
895
630
49
58
953
993
253
751
558
355
692
345
515
397
225
912
263
861
408
929
254
327
504
652
413
573
212
107
125
622
744
909
368
701
425
636
969
153
469
681
624
421
554
649
75
891
355
740
80
33
164
451
750
400
718
147
52
381
334
706
705
527
288
725
283
740
18
867
979
839
19
762
933
658
218
892
205
539
794
693
869
823
291
500
787
288
724
220
871
60
364
126
122
788
241
404
139
141
680
180
363
38
106
319
336
967
599
717
334
394
308
471
177
25
72
953
248
660
989
522
203
956
146
961
253
505
549
622
132
581
438
562
621
251
854
963
325
567
894
104
931
996
189
542
425
732
273
821
936
335
838
690
955
723
916
369
444
843
898
742
763
848
217
976
309
9
596
555
769
504
491
305
134
83
895
429
816
827
992
715
89
461
890
959
148
883
725
921
52
38
692
929
228
41
637
380
64
101
439
867
520
21
826
845
116
237
64
225
75
860
146
346
198
883
789
46
529
57
835
309
730
116
541
931
50
470
166
401
256
786
147
791
789
449
175
742
810
142
707
149
557
130
226
235
771
540
875
891
687
33
232
849
584
340
227
639
385
138
872
900
146
588
357
418
636
914
133
266
898
705
428
630
187
560
502
419
571
821
865
777
257
607
248
761
92
223
977
490
30
520
246
431
723
320
695
665
634
474
401
388
290
746
424
488
8
196
88
535
572
297
49
613
556
327
193
249
8
227
403
655
749
118
149
720
573
921
647
7
995
567
255
584
204
134
554
751
433
368
53
953
905
4
802
235
196
892
5
894
202
620
406
596
953
166
233
18
261
756
561
873
706
771
195
634
686
192
958
646
121
602
617
479
62
219
429
631
123
812
57
843
188
60
661
107
111
13
910
601
328
556
567
923
356
267
57
414
26
260
929
745
541
780
511
204
95
665
208
668
56
474
681
20
772
362
36
968
930
360
263
857
736
413
719
672
148
819
412
985
670
527
382
694
993
699
437
940
584
627
6
262
517
361
305
301
796
79
519
737
551
217
913
270
411
52
964
781
663
431
137
430
84
844
641
159
608
291
141
684
733
788
731
995
735
278
148
74
706
649
315
191
105
805
64
180
811
517
578
574
456
475
860
584
298
96
358
241
983
880
540
62
938
624
483
461
497
758
936
287
161
284
803
281
173
559
504
848
190
250
270
150
52
970
576
517
219
734
266
47
913
702
110
0
243
636
659
72
399
675
167
529
812
707
371
369
718
205
85
52
350
1
427
618
886
618
851
656
802
755
544
78
986
161
966
716
156
668
630
298
758
274
405
538
137
242
648
276
217
770
970
774
441
950
349
862
123
462
127
910
525
66
724
74
407
164
921
296
113
714
969
349
730
567
480
808
779
445
68
622
266
706
604
633
434
476
145
541
591
713
737
81
239
831
730
318
788
621
875
999
894
988
838
605
574
694
586
262
542
737
550
722
380
320
335
1
692
799
258
460
125
800
965
279
628
207
583
167
468
422
888
678
744
710
43
544
239
459
473
320
358
930
327
325
923
425
279
411
285
148
660
335
849
336
638
490
512
813
238
921
156
461
236
47
737
395
188
288
976
897
822
99
142
459
309
362
988
2
487
153
384
558
971
633
48
251
762
224
342
782
851
31
447
444
386
8
206
631
547
481
742
22
552
993
572
456
651
78
587
317
541
473
705
609
892
535
678
502
507
372
196
301
531
246
610
672
479
467
763
463
590
80
924
765
122
696
267
470
493
525
907
767
851
542
979
218
674
540
286
757
78
602
661
438
401
738
305
965
559
622
973
686
24
1
447
225
871
891
23
896
215
10
472
876
854
28
580
940
441
198
941
724
622
159
277
702
617
222
806
623
70
628
30
216
733
800
259
639
92
142
620
130
854
523
831
664
41
503
767
628
662
719
902
983
441
245
704
992
879
359
336
114
696
545
443
778
594
264
898
484
941
165
214
953
389
329
980
471
346
499
792
725
299
67
77
513
593
226
610
768
712
256
721
90
224
210
961
495
938
222
99
58
493
420
65
928
137
963
18
205
307
236
979
844
694
935
872
800
563
649
175
131
775
383
573
74
51
729
202
268
377
78
296
614
178
551
145
980
828
859
766
285
241
111
548
516
307
839
392
910
267
30
427
117
704
990
153
424
5
372
300
348
36
451
861
388
406
611
322
40
388
790
219
533
712
263
231
281
484
919
772
337
412
629
435
681
688
817
745
479
161
854
777
348
309
842
263
104
286
203
353
113
876
951
542
471
315
976
168
488
503
986
661
867
260
226
977
827
994
29
256
466
981
835
87
95
50
326
2
973
718
226
168
578
113
955
658
209
751
494
707
540
279
981
490
457
85
834
834
368
570
190
850
6
139
575
608
625
799
292
289
649
89
895
732
799
598
606
860
861
448
389
132
321
705
899
893
895
692
223
850
659
428
176
749
128
328
518
378
727
494
320
689
655
653
939
657
973
815
691
312
256
714
161
479
84
8
89
498
226
516
223
261
432
637
774
242
602
48
260
40
916
69
918
669
194
980
795
459
927
184
559
89
646
609
95
504
33
272
947
350
331
243
589
448
660
672
981
511
833
718
390
637
205
631
473
778
496
730
980
503
513
750
710
59
123
120
769
219
482
797
741
980
561
771
53
5
810
969
56
376
137
840
63
463
765
177
934
475
643
629
792
471
768
220
171
835
971
285
813
397
790
268
794
657
103
65
371
185
615
21
501
200
630
8
691
153
384
894
0
717
720
344
157
472
88
518
835
677
202
202
438
584
670
999
727
41
289
225
828
769
158
895
493
716
211
147
126
486
355
642
228
731
371
206
790
431
580
616
42
228
84
235
624
273
48
405
815
831
818
551
626
79
123
187
735
903
806
484
956
140
25
377
166
530
560
316
319
646
896
527
251
980
260
222
384
508
720
479
479
600
800
846
923
713
731
933
157
14
346
745
537
846
207
344
49
741
227
374
860
923
128
406
131
978
400
157
672
886
360
323
707
263
765
235
322
833
873
290
444
117
714
492
306
984
712
25
714
417
776
767
602
880
481
817
790
122
194
189
790
473
111
812
902
368
94
330
899
997
66
541
15
447
140
226
306
454
560
459
533
793
403
628
11
243
711
37
143
783
536
498
372
403
982
710
725
689
472
687
338
191
953
578
819
800
378
447
756
572
276
599
213
450
32
498
421
886
156
997
59
78
636
832
464
214
843
46
4
739
861
373
651
293
739
878
292
549
161
822
542
838
247
699
920
424
962
658
515
175
615
157
469
210
491
58
293
223
450
110
118
124
530
178
547
905
595
131
773
66
437
693
628
600
894
146
663
294
127
619
81
984
913
537
963
64
121
950
184
755
830
781
792
824
283
280
956
801
277
783
739
290
818
14
208
958
308
368
497
888
297
728
555
199
496
326
399
275
210
278
243
524
419
812
486
179
276
155
636
559
254
110
138
705
172
286
975
844
277
33
960
539
309
580
54
303
728
943
893
440
226
919
467
112
365
105
491
815
168
649
38
641
337
370
710
940
719
936
174
878
982
370
400
547
423
452
28
147
428
624
290
506
589
604
861
714
66
591
740
811
845
980
958
418
882
41
778
759
679
26
528
640
410
246
143
195
627
748
763
1
832
814
538
62
967
106
212
445
275
794
261
609
709
570
993
694
494
823
306
453
775
294
145
998
446
554
271
272
909
599
310
884
504
596
609
696
915
70
644
983
102
14
697
61
382
37
289
72
945
782
612
571
773
825
349
220
509
352
220
493
417
131
985
592
305
950
786
603
55
202
529
179
334
128
829
284
490
129
884
814
597
812
338
916
387
55
544
958
332
782
43
895
51
802
288
841
255
272
218
379
941
74
711
644
240
715
749
986
511
532
500
707
753
684
552
829
935
452
894
73
525
568
592
905
535
433
455
450
229
719
60
189
418
564
555
88
295
860
444
554
239
784
935
203
382
418
884
865
427
539
204
103
695
104
671
496
329
179
603
465
831
702
885
581
907
786
248
322
495
869
391
968
423
786
88
682
954
435
704
37
684
481
93
157
691
140
459
423
908
486
446
553
282
209
161
86
690
673
873
838
597
612
386
121
83
934
451
36
240
834
776
44
134
530
484
39
952
111
441
83
293
524
854
286
889
741
516
652
436
453
500
239
533
941
664
73
175
912
373
269
453
51
474
899
813
514
39
386
791
53
717
159
1
186
550
460
128
364
665
565
253
954
36
595
105
618
334
251
294
579
592
769
476
698
47
709
981
948
490
40
726
819
522
240
722
396
18
239
308
813
124
546
681
979
694
701
271
337
559
236
246
221
554
356
74
780
654
151
770
246
143
311
992
236
133
338
893
566
430
691
600
497
587
761
443
749
220
505
291
941
57
303
74
720
118
242
842
276
473
157
152
434
955
833
610
204
105
96
454
539
423
852
897
470
784
886
801
412
204
555
168
682
934
441
421
80
32
415
840
678
597
122
530
973
51
188
831
328
772
774
217
384
783
70
794
118
312
372
534
972
976
607
554
797
658
477
5
779
228
399
913
727
310
498
822
842
346
714
836
722
479
33
186
449
396
693
584
624
238
656
525
640
998
441
406
649
442
680
412
499
990
678
984
746
471
146
750
727
620
433
868
120
457
157
5
82
857
278
486
221
135
38
459
902
897
949
639
898
386
525
71
885
539
384
858
347
309
126
816
654
509
219
859
150
996
949
486
614
122
139
296
395
375
504
453
56
582
487
242
644
574
121
322
861
893
226
290
214
723
897
758
252
961
214
902
502
853
830
560
307
643
129
403
877
665
749
165
363
7
35
554
892
113
967
641
711
154
622
341
368
815
200
413
349
653
764
208
38
967
83
593
907
649
996
682
463
850
903
904
482
665
325
371
877
408
724
744
278
245
449
925
508
402
918
641
484
291
731
157
17
808
656
779
523
926
193
761
750
134
578
618
51
193
594
386
236
558
684
251
744
2
735
1
78
827
696
478
583
233
438
946
380
809
635
779
702
328
690
165
333
440
275
935
608
234
372
154
571
584
642
286
447
853
501
722
171
444
945
360
128
98
928
267
690
17
685
790
530
185
948
418
168
381
798
275
70
424
368
640
216
298
250
469
544
195
325
294
445
106
366
443
92
290
519
939
239
762
997
974
41
407
412
83
916
9
334
362
737
39
554
47
798
831
417
363
286
470
341
369
243
872
802
10
774
221
62
278
759
137
781
208
136
878
580
172
515
639
487
623
252
411
359
467
186
572
355
206
431
836
191
502
6
468
906
259
100
624
97
896
239
857
729
128
275
776
482
673
323
460
382
416
101
953
881
465
518
53
803
440
917
584
360
273
604
615
193
352
8
141
124
166
921
271
166
490
909
626
904
503
424
340
775
767
462
947
677
644
520
302
366
294
29
798
581
223
664
768
852
911
583
546
355
60
372
871
615
777
460
193
84
986
628
290
125
721
436
119
992
337
644
90
727
645
418
474
496
283
694
769
943
714
589
234
937
725
649
316
177
827
674
104
448
700
637
723
677
499
738
392
372
571
676
533
515
87
426
816
759
433
866
207
517
190
965
585
420
773
254
3
928
346
420
859
986
396
366
418
202
887
766
890
735
30
958
925
749
889
391
293
493
614
217
997
146
935
85
883
167
841
606
864
631
916
29
214
92
955
436
525
161
114
778
833
107
71
861
228
698
503
838
683
21
46
118
656
3
33
855
820
182
748
517
766
490
363
315
765
804
687
881
214
413
64
155
210
118
545
838
326
501
308
779
184
429
155
38
620
588
744
288
617
477
506
735
370
862
325
80
148
325
188
675
353
51
493
605
807
514
569
787
881
371
454
650
575
680
435
979
380
136
472
211
892
200
704
537
840
527
292
177
792
10
989
414
147
134
957
668
262
245
210
458
583
503
504
14
188
513
922
875
133
715
341
614
987
364
441
502
699
808
493
130
931
169
558
628
256
435
203
171
874
641
64
406
132
694
13
252
364
662
883
809
835
779
738
259
33
811
810
3
376
254
388
766
179
557
139
451
940
366
445
999
735
388
344
692
502
947
211
664
649
730
370
802
177
993
429
343
234
602
758
210
651
516
221
531
115
154
58
254
626
930
109
852
569
129
429
79
919
787
68
206
65
265
924
241
620
347
152
126
842
101
497
113
383
791
540
875
263
763
452
401
503
323
641
502
996
563
892
731
139
634
717
346
830
862
196
226
232
941
737
604
694
496
112
124
385
162
252
203
500
414
663
217
830
614
187
984
805
592
320
652
256
51
667
903
86
335
671
153
752
419
50
44
88
544
839
621
205
746
59
246
604
470
86
769
92
663
872
695
238
723
150
623
568
818
600
954
204
615
416
266
705
663
520
379
230
799
8
90
478
738
475
418
189
247
638
573
701
473
12
72
645
864
889
343
455
357
737
663
500
850
875
506
439
192
735
349
67
906
17
318
137
135
290
169
954
397
154
2
245
488
564
524
661
99
869
608
18
437
722
698
243
108
285
157
805
824
611
614
579
837
606
5
762
780
738
680
543
628
862
723
991
562
865
554
826
255
871
343
901
784
718
110
707
809
185
253
528
35
344
209
226
837
994
140
324
846
928
275
968
768
567
492
344
568
858
580
200
570
330
126
996
426
147
152
826
525
964
144
508
478
394
156
492
260
257
614
316
641
577
446
873
941
721
569
35
160
522
488
412
327
474
523
330
638
108
148
235
452
385
993
108
828
621
153
942
472
800
127
493
496
807
492
534
903
854
895
29
350
157
296
0
298
100
794
132
65
260
822
266
490
852
12
845
746
324
685
962
339
898
628
780
743
799
474
644
730
196
241
626
525
294
840
194
567
996
573
429
358
449
570
635
923
362
710
834
276
845
323
78
787
619
815
197
251
37
372
422
18
999
363
349
762
971
638
741
802
636
178
123
178
205
723
834
484
486
625
809
61
842
17
597
242
296
518
764
568
388
966
511
196
642
481
259
217
702
996
413
743
474
228
999
120
517
38
404
15
341
900
947
778
249
185
587
382
373
613
556
217
970
276
77
882
321
928
584
404
692
423
806
66
330
544
816
949
829
359
667
689
346
808
759
958
604
376
965
49
621
110
442
546
674
257
700
769
641
547
183
266
578
523
389
351
543
769
376
461
489
42
701
302
265
835
831
213
360
138
133
249
212
311
25
841
759
874
398
845
141
23
981
117
866
540
28
611
821
859
620
651
597
482
61
643
279
416
96
261
273
818
737
313
270
547
382
519
294
667
49
843
602
366
118
89
265
501
65
496
905
594
767
107
837
940
743
66
151
867
854
991
595
509
683
844
280
455
725
66
660
103
111
677
298
630
645
403
187
491
975
955
222
715
415
578
413
60
551
256
726
744
604
290
282
216
265
896
918
950
674
342
251
668
30
112
260
666
423
775
955
578
818
216
305
432
445
780
81
446
106
250
407
164
47
359
834
52
142
976
90
860
272
567
600
140
17
417
122
279
856
768
895
686
982
220
957
160
136
12
60
638
146
586
726
426
242
277
798
24
606
656
107
317
980
983
47
964
972
538
280
312
699
522
10
307
767
785
534
148
370
494
212
791
237
261
952
543
882
925
724
295
526
995
50
214
633
69
716
992
139
385
234
129
485
722
247
508
505
820
513
738
864
271
91
942
766
680
673
717
667
694
254
980
512
807
525
361
972
603
507
835
139
160
637
142
834
756
60
782
873
266
577
773
741
483
214
143
585
53
419
26
960
498
194
972
122
623
720
773
841
469
392
835
494
157
349
971
677
595
491
189
738
133
403
849
174
501
498
774
58
930
28
458
494
141
842
395
631
375
429
179
139
712
206
986
834
122
157
949
667
36
969
805
312
930
498
731
207
138
313
839
285
745
392
151
129
76
171
500
731
203
163
137
319
631
971
485
530
805
193
959
552
602
163
593
23
774
442
725
515
309
424
973
959
984
370
239
997
259
217
84
674
495
739
314
225
895
1
471
66
184
901
438
623
50
3
638
747
995
296
510
295
291
75
677
114
586
726
701
237
813
736
936
464
407
379
714
68
564
382
614
902
345
886
429
5
647
774
968
56
383
535
95
327
911
365
595
36
330
169
597
301
734
820
26
554
687
287
789
861
441
692
668
307
811
240
320
845
350
607
811
587
916
28
598
630
38
780
34
704
694
134
244
723
643
849
270
698
963
778
376
872
915
504
638
91
393
582
339
292
810
748
611
423
432
74
94
185
707
355
0
282
681
713
597
745
392
107
274
206
223
736
222
296
125
374
968
148
745
876
210
950
816
520
179
727
894
190
387
4
251
293
167
319
255
159
284
308
312
734
160
49
943
782
452
954
859
786
517
817
958
774
738
951
972
583
736
969
185
658
161
858
954
576
908
817
27
476
550
655
672
693
685
663
632
63
212
90
779
224
387
886
148
978
790
98
569
316
14
337
47
13
637
64
467
14
371
190
323
994
29
647
123
838
565
612
556
943
500
307
70
732
412
367
510
417
619
852
827
196
321
281
571
560
370
922
50
596
255
912
962
392
71
936
246
59
11
53
944
891
632
666
195
786
973
832
178
273
875
160
903
580
541
366
96
913
149
211
276
631
942
173
308
335
960
253
252
873
429
948
312
150
834
987
187
933
10
542
491
349
556
3
689
734
741
5
484
676
792
288
797
289
722
224
797
461
682
563
674
516
853
87
617
853
896
593
517
171
350
947
661
578
810
969
140
151
550
921
954
724
345
52
688
431
272
965
489
206
827
325
267
177
608
905
645
379
765
153
907
550
710
453
372
995
151
486
269
571
252
318
374
813
60
349
505
940
579
993
116
500
94
457
492
146
170
702
9
101
669
606
785
524
542
271
252
548
9
661
327
358
410
184
636
964
587
237
102
286
281
822
730
214
400
89
617
403
78
130
250
78
949
190
628
407
18
701
337
562
379
315
414
756
398
779
16
116
260
624
80
56
580
690
311
973
411
393
396
178
114
257
426
786
776
955
575
44
342
267
167
737
529
803
504
89
154
20
733
490
522
731
438
846
633
656
583
383
285
207
324
770
224
312
878
686
514
977
719
591
13
998
410
563
560
258
662
544
907
453
385
232
209
138
657
587
276
452
366
512
466
996
803
167
364
706
123
101
912
413
888
684
68
192
174
926
731
212
47
903
717
724
391
997
870
721
584
285
104
282
952
882
444
295
597
628
36
274
155
955
580
539
989
839
215
111
607
950
646
228
444
496
387
812
499
451
636
243
452
966
547
902
625
276
193
642
208
895
138
966
468
285
196
47
610
292
354
262
610
902
22
791
700
817
794
393
9
902
951
117
52
675
159
933
541
847
892
50
757
474
172
633
897
127
156
28
773
606
177
17
57
994
549
569
577
652
991
863
166
562
571
706
634
752
337
57
584
1
626
515
922
258
700
272
533
491
302
47
527
779
727
548
785
71
402
749
95
462
963
610
396
204
645
687
658
617
956
440
991
470
149
400
315
403
918
773
694
239
536
307
582
165
521
723
918
8
14
920
179
803
285
583
296
64
8
824
641
546
302
325
596
720
555
982
259
409
784
70
726
855
125
21
958
146
275
211
477
298
30
446
608
879
360
936
886
600
801
985
242
431
49
924
444
350
248
752
375
944
188
733
171
134
674
761
18
316
713
543
568
48
119
386
395
734
151
331
834
731
818
981
882
108
186
177
484
505
54
235
794
220
399
784
96
0
906
307
887
472
758
330
564
406
245
81
352
796
623
715
432
226
961
297
877
852
805
633
862
111
115
915
945
985
957
546
41
826
105
942
944
307
975
442
454
457
866
223
842
781
12
644
949
867
937
584
582
797
829
438
719
956
554
84
319
491
722
952
657
231
611
134
594
767
688
259
640
540
948
183
965
116
401
795
491
538
951
807
818
866
744
974
116
635
463
281
105
781
729
708
422
92
437
721
225
961
181
143
807
747
726
830
95
135
371
474
79
945
53
450
948
574
72
780
919
360
895
823
338
181
608
156
115
860
233
769
439
780
265
571
528
435
156
360
321
560
471
807
638
583
129
316
832
166
674
180
126
32
941
865
847
117
801
42
188
315
214
299
371
126
594
236
861
264
179
616
665
933
462
268
250
29
375
210
547
150
402
18
139
414
933
852
196
314
832
932
605
870
701
90
727
738
98
765
364
661
270
963
899
624
119
711
281
649
97
632
921
467
907
402
428
166
844
964
772
377
251
237
106
248
820
883
807
35
934
218
552
998
849
757
18
438
957
979
53
239
733
929
245
871
458
249
548
205
117
20
283
276
316
585
703
774
702
18
16
919
497
511
588
711
328
369
907
155
331
309
803
177
534
58
580
542
628
961
190
455
444
721
694
936
441
996
600
35
759
226
990
520
297
728
854
317
328
52
665
251
550
615
432
646
881
335
162
150
322
672
248
814
805
415
513
129
243
915
937
804
659
864
460
915
80
881
905
76
516
113
945
82
106
495
47
823
320
668
345
954
171
561
900
96
933
961
223
706
361
993
774
91
607
128
198
845
43
463
552
959
912
990
711
372
978
127
83
322
121
907
136
14
249
88
72
713
727
180
885
201
462
265
675
239
494
877
642
392
238
540
745
506
1
52
541
221
412
357
978
139
551
259
825
973
922
66
911
572
519
284
894
57
365
545
52
9
653
444
185
857
597
126
863
338
65
242
66
176
594
84
470
301
79
934
48
413
968
713
933
245
289
244
838
229
19
612
757
71
422
585
681
164
563
88
758
258
95
970
936
67
329
16
405
572
244
513
418
776
119
891
950
233
194
961
811
179
44
399
322
613
671
823
382
940
101
278
673
662
684
849
931
304
852
142
810
909
858
424
163
699
997
386
845
555
989
847
702
61
555
844
208
862
484
347
955
839
199
373
94
835
382
506
608
484
289
320
417
971
413
366
582
546
932
548
544
328
710
617
718
128
782
929
49
982
799
833
781
288
397
815
288
660
976
891
427
572
10
428
741
794
930
744
383
362
769
564
290
131
602
500
812
273
199
432
802
930
870
228
376
314
626
66
19
406
406
701
71
730
876
677
916
703
660
394
723
197
384
974
599
416
116
300
759
426
459
39
296
37
76
817
262
675
203
177
251
980
252
143
545
979
787
599
249
437
175
599
366
263
125
759
171
724
880
988
785
104
486
777
789
683
333
131
638
589
653
95
428
722
863
747
276
203
355
334
888
337
720
68
123
942
251
841
698
922
314
281
726
567
123
546
662
33
198
608
58
373
921
819
154
93
986
278
68
38
647
750
861
110
241
253
543
373
607
706
760
903
455
855
867
954
487
407
392
987
338
737
566
847
374
750
929
713
522
651
287
703
292
163
868
937
280
797
877
552
221
357
617
78
722
305
996
151
926
658
485
731
941
205
495
640
990
485
341
704
129
343
238
68
822
538
689
45
409
273
466
418
729
574
961
203
712
580
36
681
148
793
411
903
828
222
593
393
879
933
834
872
533
110
864
8
505
230
920
270
302
876
233
336
967
161
988
891
3
564
247
163
973
71
892
307
273
961
287
745
459
209
300
645
641
787
550
646
177
322
453
737
477
931
711
679
850
250
543
913
921
836
762
971
940
784
86
706
426
666
629
499
790
36
471
738
586
811
199
595
265
452
988
577
9
946
359
337
719
542
636
674
549
121
281
979
671
680
531
288
11
380
560
811
630
756
728
403
931
170
301
372
110
816
345
531
159
181
286
43
562
895
576
937
587
190
47
576
432
891
633
386
918
540
668
276
797
541
649
45
688
723
380
755
420
536
752
954
90
415
503
785
167
915
879
778
336
712
153
470
163
853
858
515
569
237
508
492
48
161
151
843
909
899
449
493
134
994
637
690
734
117
119
807
393
237
789
866
55
243
306
401
358
195
580
488
623
52
477
997
667
541
438
730
87
166
711
782
370
920
44
240
455
90
938
409
318
457
935
300
44
347
926
541
451
912
930
436
869
501
946
749
970
934
467
557
369
528
747
850
714
568
257
975
914
891
587
499
368
3
535
557
676
155
875
614
15
808
480
795
54
403
432
86
360
231
112
968
695
739
241
613
715
181
289
931
321
540
646
128
811
760
746
696
274
872
282
352
406
279
865
130
430
220
546
357
874
420
795
408
397
662
428
83
609
835
334
777
139
296
120
374
941
394
613
81
650
549
130
911
620
657
715
340
761
657
333
614
52
657
214
240
368
163
257
551
55
750
741
5
441
437
93
775
960
103
858
957
192
863
685
30
660
194
873
358
396
81
516
93
762
946
838
764
635
31
803
583
595
563
243
522
505
92
80
953
978
690
767
888
313
922
463
99
708
71
39
859
281
822
4
526
240
620
912
9
914
326
398
317
519
604
402
188
710
388
382
726
237
63
422
404
336
962
573
424
742
578
537
887
455
364
601
533
545
593
806
163
570
627
127
934
928
663
271
975
180
935
314
635
157
546
333
815
153
370
874
242
78
33
315
439
287
545
454
253
882
663
190
853
494
3
218
655
682
695
79
960
224
977
497
740
432
71
302
981
673
174
59
638
954
623
312
422
39
327
343
4
463
873
355
771
506
946
322
802
592
312
900
883
621
416
966
229
944
427
207
433
626
876
124
14
76
56
766
689
170
75
481
764
572
739
840
257
154
787
820
204
271
518
828
59
359
550
102
66
730
552
499
927
578
558
184
607
521
833
936
163
716
680
912
859
596
321
683
116
203
843
771
377
347
38
233
44
106
464
620
279
650
724
77
932
589
105
851
365
893
444
602
208
369
19
367
355
316
80
662
744
112
869
652
341
912
426
897
651
355
833
789
104
340
194
131
251
77
232
547
108
348
143
505
797
622
208
130
9
864
354
303
488
557
63
867
500
930
424
158
771
781
22
708
417
987
718
104
937
344
272
257
759
193
101
439
397
670
594
710
873
532
37
745
728
295
907
563
817
4
611
878
608
572
603
758
797
332
429
631
224
994
533
627
564
394
434
353
293
622
662
591
615
716
332
608
77
361
621
816
634
443
23
308
551
604
459
406
570
955
521
86
575
957
762
637
966
129
618
747
288
816
152
184
335
891
779
431
762
967
218
119
369
51
296
235
211
898
75
649
306
212
712
664
976
71
20
298
176
203
417
313
67
266
851
46
149
190
942
108
611
325
342
883
812
384
122
281
865
385
886
755
194
570
860
617
407
11
471
591
407
731
851
751
233
280
900
364
325
545
249
130
37
40
829
545
997
493
602
929
596
126
746
935
982
819
179
85
512
837
934
783
552
103
437
362
894
428
822
399
666
192
793
941
971
203
882
909
729
800
594
543
489
851
281
673
546
633
200
368
432
210
598
735
245
977
649
108
855
644
367
490
82
798
744
457
690
466
897
162
988
731
800
822
634
590
663
631
218
481
215
38
195
957
843
66
363
614
125
810
959
843
17
386
527
377
564
874
293
282
736
429
571
843
839
764
430
747
33
18
442
758
645
123
83
202
520
789
790
537
84
921
674
605
480
475
430
155
344
460
480
837
233
737
375
131
59
780
150
20
35
272
542
390
524
443
231
677
866
492
858
120
27
723
885
159
329
872
308
601
128
931
168
794
33
74
927
49
49
546
1
487
249
69
114
899
50
538
112
59
700
410
115
965
116
245
883
180
