811
29
173
732
203
316
912
423
160
539
342
682
245
106
288
195
929
946
937
636
448
412
380
101
517
635
364
728
558
866
751
926
276
664
792
95
422
336
792
975
441
765
344
603
278
739
309
243
216
72
496
690
200
474
345
624
239
802
399
224
751
214
151
605
398
132
551
704
784
305
622
445
417
578
690
588
972
50
596
635
250
659
764
944
194
344
941
315
89
334
933
826
767
2
948
791
254
69
758
444
655
821
942
927
706
645
536
424
314
437
995
335
100
508
298
250
546
873
446
516
448
841
642
498
833
475
666
423
999
232
840
775
429
862
524
888
715
627
16
188
334
510
253
19
929
425
46
398
12
579
559
462
863
874
393
91
259
245
133
768
989
623
66
212
360
344
741
580
198
942
596
627
42
546
623
627
693
509
883
125
612
256
836
277
170
298
759
353
983
52
201
280
964
769
456
447
130
17
564
534
879
693
616
882
764
492
387
795
965
508
294
46
901
317
906
485
222
607
727
169
778
715
11
594
922
543
341
229
416
171
221
196
738
577
458
956
542
842
607
656
260
178
259
234
861
333
123
330
494
980
902
183
217
88
309
402
104
983
158
602
718
939
132
217
220
727
220
638
357
246
661
812
199
164
61
800
670
782
549
152
767
861
480
654
454
789
389
579
36
468
718
73
192
53
317
537
17
780
402
171
293
701
547
204
521
365
9
234
918
626
882
810
924
166
841
514
374
294
78
595
25
66
251
198
626
485
212
256
811
619
506
968
810
530
324
37
175
994
186
740
991
694
848
38
881
132
620
137
845
569
868
357
892
365
790
927
120
718
534
514
729
601
445
833
744
123
316
241
316
413
950
699
198
318
594
79
931
962
453
820
95
528
283
861
448
466
878
413
38
438
381
459
148
505
370
168
507
338
112
709
676
204
678
458
128
342
653
554
270
301
794
178
495
569
88
407
922
644
69
415
591
791
391
703
930
319
51
700
327
260
426
414
252
882
401
798
975
449
803
665
180
615
917
644
411
518
677
727
541
455
288
574
121
181
887
442
487
991
973
175
39
397
656
238
655
676
729
539
576
636
554
281
811
702
19
537
510
299
128
385
581
176
51
105
118
342
321
952
949
422
996
285
497
617
589
107
81
69
779
412
295
707
820
358
903
45
375
938
547
374
964
329
295
314
473
713
3
820
826
102
91
830
475
276
7
955
269
119
647
697
235
429
967
842
871
588
163
113
702
726
39
185
933
771
822
585
615
813
885
692
236
534
618
494
847
541
38
160
668
928
989
956
804
868
462
204
878
335
891
989
300
718
39
497
207
867
278
722
200
383
478
970
341
165
280
375
611
846
715
164
638
825
933
19
523
42
831
679
381
499
844
405
564
249
925
274
887
77
476
799
209
171
843
546
303
223
713
719
357
475
872
939
304
829
86
265
99
997
485
221
249
373
809
701
931
873
710
152
687
269
412
470
422
734
208
759
736
728
320
833
310
887
906
393
268
378
721
10
697
449
613
763
716
367
663
946
189
146
6
918
413
615
200
459
19
219
793
447
931
573
249
593
877
367
829
721
800
715
116
762
577
233
28
380
516
438
249
575
869
233
561
657
132
120
727
976
539
103
609
796
333
392
584
435
628
230
821
376
55
827
779
774
654
658
732
182
28
975
923
136
360
650
347
773
80
586
978
51
82
446
190
907
184
631
99
308
760
617
341
434
813
496
592
305
381
655
442
755
280
492
626
721
42
80
623
382
453
90
911
111
686
619
827
287
514
268
515
575
652
899
571
115
662
997
497
295
842
893
66
872
212
387
81
687
198
199
963
304
263
316
890
441
937
795
923
926
477
516
926
881
654
673
690
278
526
526
266
213
873
504
136
217
900
846
356
117
9
573
378
758
394
453
413
356
712
961
436
482
167
236
479
148
615
550
613
792
162
727
54
678
45
434
16
961
989
170
368
223
559
739
279
141
539
471
903
420
798
641
72
352
467
78
515
62
542
815
570
397
53
419
978
486
210
994
782
774
673
196
929
546
219
79
727
505
445
688
49
397
344
792
356
371
741
240
381
515
213
952
243
497
642
264
888
57
782
722
45
970
6
830
90
89
810
685
975
230
468
226
705
523
898
570
972
577
738
348
529
349
49
500
757
168
839
961
231
468
515
526
563
338
103
750
255
736
488
840
889
175
12
58
283
699
807
50
972
604
620
904
756
666
597
839
708
373
912
162
448
426
214
427
858
329
504
447
956
179
944
565
970
658
457
893
266
56
676
229
856
961
105
615
74
365
598
78
556
933
895
271
641
719
162
453
152
349
901
436
863
719
559
119
302
89
271
453
10
743
885
142
868
364
948
116
261
362
224
93
769
460
689
604
790
312
660
87
599
816
779
931
505
871
880
811
449
272
427
976
359
82
645
634
572
465
369
757
572
342
414
911
47
878
371
661
394
912
584
573
836
199
140
559
832
791
984
989
935
405
296
137
662
359
233
117
827
347
884
709
888
828
909
953
634
670
192
478
145
483
329
237
427
838
726
251
775
972
811
111
611
42
442
971
843
218
813
34
215
543
961
439
207
32
97
558
189
882
260
444
679
933
684
80
672
848
964
829
403
753
805
8
19
997
189
468
169
741
972
741
394
281
604
569
924
302
965
370
750
860
35
473
698
99
421
924
431
635
242
808
791
586
217
82
281
791
605
487
596
446
315
555
970
957
410
326
924
715
982
771
359
272
153
962
51
552
407
117
436
17
380
200
199
339
140
537
939
935
446
719
585
360
654
383
697
79
30
554
346
674
24
106
270
868
698
27
32
944
327
374
731
559
126
481
8
185
849
554
427
88
868
682
843
551
664
543
268
786
867
801
43
176
118
214
629
506
523
56
556
695
384
660
895
624
741
663
493
991
101
889
734
245
452
267
470
856
142
676
479
307
648
719
714
503
349
200
849
528
663
254
380
402
504
323
862
690
11
829
787
593
516
665
0
507
345
158
751
998
964
564
46
118
750
248
787
349
985
871
70
392
433
143
267
292
329
197
642
215
654
17
365
756
618
111
461
454
71
750
754
317
109
571
157
95
66
704
275
69
541
949
48
470
287
416
189
810
903
801
57
884
497
22
551
586
834
262
873
993
346
513
281
834
926
740
136
537
33
651
373
364
942
998
915
296
869
446
127
78
855
137
837
757
400
792
846
882
465
666
280
282
670
626
634
456
978
124
322
665
773
789
38
684
560
495
715
312
477
971
253
662
669
1
211
678
551
507
734
109
242
225
262
299
224
821
721
451
263
870
993
339
180
458
361
715
238
356
980
139
917
789
713
501
701
958
271
58
611
484
497
545
506
452
935
369
538
854
569
303
358
431
920
363
49
566
458
805
717
688
97
989
383
222
98
736
42
292
525
454
470
413
278
288
341
402
782
168
474
361
598
17
174
234
970
549
800
893
270
188
224
279
704
890
457
820
553
114
17
94
529
334
862
651
430
377
366
188
17
379
323
274
645
915
401
180
276
420
958
355
576
574
173
142
51
413
246
537
292
231
933
440
703
822
694
802
887
181
618
993
346
896
161
805
393
356
268
896
515
141
509
700
109
742
134
497
48
267
986
627
822
59
468
367
578
745
826
686
652
554
437
315
918
961
384
174
447
653
411
819
161
804
435
460
640
817
399
571
33
632
681
180
308
659
951
567
472
957
110
491
762
963
202
774
506
803
492
185
978
852
633
680
563
109
354
688
813
425
229
968
763
472
424
970
377
770
293
883
460
548
94
790
28
908
670
911
624
321
706
138
606
892
490
580
285
811
400
354
9
236
500
78
890
71
177
0
354
404
800
248
905
507
935
777
783
498
693
249
653
209
773
366
504
265
764
3
323
99
560
479
543
974
760
878
354
64
58
889
922
741
989
49
700
749
155
745
38
840
522
769
837
717
720
735
787
240
457
824
832
385
135
460
900
753
556
255
511
400
670
787
117
250
239
827
409
408
136
539
605
706
922
995
411
26
449
314
668
52
574
615
786
193
127
699
355
603
173
298
877
515
289
409
384
406
843
993
125
734
985
889
913
548
161
786
893
796
99
299
118
73
478
885
140
943
398
273
929
471
118
710
551
661
511
495
958
765
197
400
930
316
250
440
373
603
146
98
846
670
187
159
421
3
142
966
985
238
990
899
376
137
596
413
779
505
637
560
444
972
737
355
501
502
904
5
334
530
642
153
825
318
699
688
294
279
106
893
398
459
685
99
567
134
267
987
963
12
221
10
589
542
258
359
57
895
221
746
47
550
261
864
732
126
201
987
356
152
142
823
736
690
558
455
543
217
286
245
877
58
717
728
437
935
852
584
172
709
991
357
220
873
534
981
633
27
824
293
244
506
981
847
217
823
933
161
567
734
746
158
787
975
984
254
441
163
5
553
169
74
800
456
882
761
2
892
997
328
395
376
353
826
579
401
14
126
991
79
304
10
283
819
962
775
426
32
4
335
63
846
419
83
118
633
68
337
325
24
284
83
457
914
351
547
558
907
35
450
894
867
592
272
845
32
854
709
463
482
